

----------------------------------------------------
STRUCTURE by Pritchard, Stephens and Donnelly (2000)
     and Falush, Stephens and Pritchard (2003)
       Code by Pritchard, Falush and Hubisz
             Version 2.3.4 (Jul 2012)
----------------------------------------------------



Command line arguments:   bin/structure -m "/Users/Amy 1/Desktop/Population_Genetics/Lab/R/Lab_8/Lab8_2/Set_One/mainparams" -e "/Users/Amy 1/Desktop/Population_Genetics/Lab/R/Lab_8/Lab8_2/Set_One/extraparams" 
Input File:    /Users/Amy 1/Desktop/Population_Genetics/Lab/R/Lab_8/Lab8_2/project_data

Run parameters:
   178 individuals
   300 loci
   4 populations assumed
   5000 Burn-in period
   10000 Reps


--------------------------------------------
Proportion of membership of each pre-defined
 population in each of the 4 clusters

Given    Inferred Clusters              Number of
 Pop       1      2      3      4      Individuals

  1:     0.364  0.271  0.025  0.340       12
  2:     0.418  0.209  0.018  0.355       15
  3:     0.261  0.351  0.027  0.360       37
  4:     0.294  0.340  0.047  0.319       17
  5:     0.447  0.301  0.020  0.232        4
  6:     0.333  0.321  0.058  0.288       36
  7:     0.171  0.222  0.477  0.130       21
  8:     0.024  0.028  0.930  0.019       14
  9:     0.015  0.019  0.951  0.015       22
--------------------------------------------

Allele-freq. divergence among pops (Net nucleotide distance),
computed using point estimates of P.

      1       2       3       4      
 1      -    0.0009  0.0110  0.0011  
 2   0.0009     -    0.0088  0.0003  
 3   0.0110  0.0088     -    0.0107  
 4   0.0011  0.0003  0.0107     -    

Average distances (expected heterozygosity) between individuals in same cluster:
cluster  1  : 0.2497 
cluster  2  : 0.2660 
cluster  3  : 0.2566 
cluster  4  : 0.2573 

--------------------------------------------
Estimated Ln Prob of Data   = -32607.6
Mean value of ln likelihood = -31940.4
Variance of ln likelihood   = 1334.4
Mean value of alpha         = 0.0667

Mean value of Fst_1         = 0.0323
Mean value of Fst_2         = 0.0025
Mean value of Fst_3         = 0.0738
Mean value of Fst_4         = 0.0224


Inferred ancestry of individuals:
        Label (%Miss) Pop:  Inferred clusters
  1     1084    (6)    9 :  0.007 0.009 0.970 0.013 
  2     1085   (10)    9 :  0.024 0.070 0.852 0.054 
  3     1086    (3)    9 :  0.020 0.011 0.953 0.016 
  4     1087   (12)    9 :  0.010 0.011 0.974 0.005 
  5     1088    (5)    9 :  0.015 0.023 0.937 0.025 
  6     1089    (6)    9 :  0.018 0.017 0.952 0.014 
  7     1090    (5)    9 :  0.011 0.032 0.934 0.023 
  8     1091   (14)    9 :  0.023 0.016 0.947 0.015 
  9     1092   (22)    9 :  0.023 0.020 0.928 0.029 
 10     1093    (3)    9 :  0.016 0.022 0.945 0.017 
 11     1094   (14)    9 :  0.032 0.020 0.937 0.010 
 12     1095    (6)    9 :  0.003 0.006 0.986 0.005 
 13     1096    (8)    9 :  0.025 0.016 0.949 0.009 
 14     1097    (3)    9 :  0.010 0.012 0.969 0.009 
 15     1098    (2)    9 :  0.009 0.027 0.948 0.016 
 16     1099    (1)    9 :  0.003 0.010 0.981 0.006 
 17     1100    (5)    9 :  0.006 0.006 0.981 0.006 
 18     1101    (7)    9 :  0.030 0.036 0.917 0.017 
 19     1102    (8)    9 :  0.026 0.020 0.936 0.018 
 20     1103    (6)    9 :  0.004 0.009 0.981 0.006 
 21     1104    (9)    9 :  0.010 0.006 0.981 0.004 
 22     1105    (2)    9 :  0.009 0.011 0.974 0.007 
 23     1235    (3)    2 :  0.140 0.127 0.004 0.729 
 24     1236    (5)    2 :  0.448 0.063 0.016 0.473 
 25     1237    (8)    2 :  0.327 0.097 0.006 0.570 
 26     1238    (7)    2 :  0.470 0.048 0.010 0.472 
 27     1239    (5)    2 :  0.495 0.283 0.014 0.209 
 28     1240   (15)    2 :  0.248 0.228 0.010 0.515 
 29     1241   (16)    2 :  0.430 0.232 0.034 0.304 
 30     1242    (5)    2 :  0.025 0.540 0.061 0.374 
 31     1243    (8)    2 :  0.849 0.066 0.018 0.067 
 32     1244   (12)    2 :  0.769 0.075 0.007 0.150 
 33     1245   (20)    2 :  0.412 0.233 0.007 0.348 
 34     1246   (20)    2 :  0.248 0.400 0.020 0.333 
 35     1247   (11)    2 :  0.220 0.520 0.029 0.231 
 36     1248   (12)    2 :  0.766 0.160 0.016 0.058 
 37     1249    (9)    2 :  0.427 0.056 0.022 0.495 
 38     1253   (20)    8 :  0.020 0.010 0.964 0.006 
 39     1254   (12)    8 :  0.008 0.018 0.955 0.020 
 40     1255   (14)    8 :  0.004 0.005 0.984 0.006 
 41     1256   (24)    8 :  0.015 0.013 0.958 0.013 
 42     1257    (6)    8 :  0.008 0.030 0.948 0.014 
 43     1258   (23)    8 :  0.013 0.009 0.967 0.011 
 44     1259   (10)    8 :  0.006 0.015 0.969 0.011 
 45     1260   (36)    8 :  0.031 0.071 0.873 0.025 
 46     1261   (49)    8 :  0.066 0.081 0.819 0.034 
 47     1262   (29)    8 :  0.021 0.023 0.935 0.021 
 48     1263   (12)    8 :  0.012 0.013 0.967 0.008 
 49     1264   (48)    8 :  0.007 0.010 0.977 0.006 
 50     1265   (13)    8 :  0.006 0.011 0.975 0.008 
 51     1266   (26)    8 :  0.114 0.076 0.730 0.081 
 52     1637   (25)    1 :  0.240 0.202 0.007 0.551 
 53     1638   (19)    1 :  0.592 0.148 0.103 0.158 
 54     1639   (21)    1 :  0.409 0.183 0.011 0.397 
 55     1640   (21)    1 :  0.511 0.280 0.012 0.197 
 56     1641   (82)    1 :  0.435 0.390 0.035 0.139 
 57     1642   (55)    1 :  0.853 0.049 0.019 0.079 
 58     1643   (41)    1 :  0.121 0.501 0.020 0.357 
 59     1644   (53)    1 :  0.190 0.154 0.007 0.649 
 60     1645   (47)    1 :  0.180 0.403 0.008 0.409 
 61     1646   (49)    1 :  0.317 0.470 0.017 0.196 
 62     1647   (51)    1 :  0.479 0.088 0.015 0.418 
 63     1648   (55)    1 :  0.043 0.381 0.042 0.534 
 64     1649   (28)    3 :  0.413 0.282 0.007 0.298 
 65     1650   (26)    3 :  0.173 0.219 0.013 0.595 
 66     1651   (19)    3 :  0.083 0.401 0.012 0.504 
 67     1652   (17)    3 :  0.149 0.468 0.010 0.374 
 68     1653   (17)    3 :  0.334 0.092 0.016 0.558 
 69     1654   (33)    3 :  0.627 0.218 0.013 0.142 
 70     1655   (33)    3 :  0.381 0.357 0.019 0.243 
 71     1656   (20)    3 :  0.204 0.288 0.011 0.497 
 72     1657   (38)    3 :  0.495 0.202 0.007 0.296 
 73     1658   (22)    3 :  0.123 0.580 0.017 0.280 
 74     1659   (16)    3 :  0.081 0.747 0.012 0.161 
 75     1660   (24)    3 :  0.956 0.020 0.006 0.019 
 76     1661   (26)    3 :  0.122 0.286 0.035 0.558 
 77     1662   (36)    3 :  0.035 0.569 0.241 0.156 
 78     1663   (30)    3 :  0.543 0.176 0.007 0.274 
 79     1664   (19)    3 :  0.142 0.343 0.013 0.502 
 80     1665   (43)    3 :  0.549 0.277 0.012 0.162 
 81     1666   (33)    3 :  0.305 0.375 0.024 0.296 
 82     1667   (30)    3 :  0.169 0.312 0.036 0.484 
 83     1668   (15)    3 :  0.124 0.147 0.009 0.720 
 84     1669   (37)    3 :  0.115 0.659 0.043 0.182 
 85     1670   (61)    3 :  0.096 0.543 0.030 0.332 
 86     1671   (42)    3 :  0.203 0.483 0.016 0.298 
 87     1672   (29)    3 :  0.398 0.149 0.011 0.442 
 88     1673   (59)    3 :  0.234 0.359 0.064 0.342 
 89     1674   (20)    3 :  0.045 0.156 0.008 0.791 
 90     1675   (49)    3 :  0.149 0.585 0.048 0.218 
 91     1676   (20)    3 :  0.044 0.303 0.018 0.635 
 92     1677   (24)    3 :  0.170 0.567 0.011 0.252 
 93     1678   (32)    3 :  0.679 0.046 0.006 0.268 
 94     1679   (36)    3 :  0.029 0.661 0.079 0.231 
 95     1680   (17)    3 :  0.113 0.448 0.077 0.362 
 96     1681   (29)    3 :  0.370 0.205 0.012 0.413 
 97     1682   (39)    3 :  0.462 0.074 0.026 0.438 
 98     1683   (39)    3 :  0.066 0.671 0.010 0.253 
 99     1684   (31)    3 :  0.066 0.377 0.007 0.550 
100     1685   (16)    3 :  0.413 0.358 0.030 0.199 
101     1686   (17)    6 :  0.155 0.293 0.031 0.521 
102     1687   (38)    6 :  0.049 0.619 0.022 0.310 
103     1688   (16)    6 :  0.877 0.033 0.013 0.077 
104     1689   (22)    6 :  0.683 0.164 0.049 0.104 
105     1690   (11)    6 :  0.884 0.065 0.003 0.048 
106     1691   (24)    6 :  0.472 0.252 0.030 0.246 
107     1692   (23)    6 :  0.042 0.715 0.065 0.178 
108     1693   (21)    6 :  0.069 0.253 0.015 0.662 
109     1694   (40)    6 :  0.337 0.402 0.016 0.245 
110     1695   (13)    6 :  0.076 0.613 0.017 0.294 
111     1696   (15)    6 :  0.525 0.229 0.070 0.176 
112     1697   (19)    6 :  0.243 0.375 0.013 0.369 
113     1698   (13)    6 :  0.069 0.489 0.070 0.372 
114     1699   (23)    6 :  0.518 0.250 0.077 0.155 
115     1700   (13)    6 :  0.175 0.185 0.006 0.634 
116     1701   (15)    6 :  0.093 0.245 0.446 0.216 
117     1702   (37)    6 :  0.385 0.379 0.041 0.194 
118     1703   (16)    6 :  0.477 0.292 0.040 0.191 
119     1704   (24)    6 :  0.358 0.238 0.008 0.395 
120     1705   (13)    6 :  0.292 0.435 0.009 0.264 
121     1706   (19)    6 :  0.149 0.224 0.007 0.621 
122     1707   (41)    6 :  0.125 0.472 0.023 0.380 
123     1708   (19)    6 :  0.418 0.085 0.031 0.467 
124     1709   (52)    6 :  0.038 0.439 0.392 0.131 
125     1710   (32)    6 :  0.447 0.329 0.029 0.196 
126     1711   (39)    6 :  0.572 0.046 0.016 0.366 
127     1712   (26)    6 :  0.326 0.413 0.035 0.226 
128     1713   (32)    6 :  0.344 0.369 0.064 0.222 
129     1714   (30)    6 :  0.074 0.608 0.019 0.299 
130     1715   (19)    6 :  0.531 0.252 0.031 0.187 
131     1716   (27)    6 :  0.335 0.373 0.019 0.273 
132     1717   (26)    6 :  0.196 0.424 0.010 0.371 
133     1718   (42)    6 :  0.277 0.297 0.009 0.416 
134     1719   (23)    6 :  0.466 0.243 0.005 0.286 
135     1720   (29)    6 :  0.658 0.162 0.016 0.164 
136     1721   (24)    6 :  0.261 0.286 0.335 0.119 
137     1722   (13)    5 :  0.517 0.247 0.007 0.228 
138     1723   (20)    5 :  0.378 0.335 0.033 0.254 
139     1724   (19)    5 :  0.671 0.166 0.023 0.140 
140     1725   (25)    5 :  0.222 0.456 0.015 0.307 
141     1726   (20)    4 :  0.229 0.238 0.049 0.483 
142     1727   (30)    4 :  0.912 0.056 0.009 0.023 
143     1728   (52)    4 :  0.275 0.356 0.183 0.186 
144     1729   (30)    4 :  0.166 0.368 0.166 0.300 
145     1730   (30)    4 :  0.511 0.104 0.006 0.378 
146     1731   (58)    4 :  0.070 0.510 0.113 0.306 
147     1732   (56)    4 :  0.164 0.378 0.015 0.443 
148     1733   (22)    4 :  0.696 0.140 0.035 0.128 
149     1734   (39)    4 :  0.068 0.491 0.016 0.425 
150     1735   (49)    4 :  0.445 0.424 0.013 0.118 
151     1736   (26)    4 :  0.365 0.270 0.015 0.349 
152     1737   (14)    4 :  0.417 0.341 0.020 0.222 
153     1738   (20)    4 :  0.094 0.415 0.069 0.422 
154     1739   (16)    4 :  0.175 0.234 0.005 0.586 
155     1740   (30)    4 :  0.068 0.617 0.018 0.297 
156     1741   (49)    4 :  0.231 0.534 0.035 0.200 
157     1742   (39)    4 :  0.111 0.308 0.023 0.559 
158     1743   (27)    7 :  0.036 0.047 0.855 0.063 
159     1744   (53)    7 :  0.168 0.154 0.593 0.086 
160     1746   (59)    7 :  0.041 0.044 0.856 0.060 
161     1747   (31)    7 :  0.198 0.459 0.113 0.231 
162     1748   (34)    7 :  0.444 0.210 0.167 0.179 
163     1749   (14)    7 :  0.233 0.258 0.407 0.103 
164     1750   (30)    7 :  0.048 0.692 0.084 0.176 
165     1751   (19)    7 :  0.056 0.144 0.530 0.270 
166     1752   (43)    7 :  0.102 0.067 0.774 0.057 
167     1753   (25)    7 :  0.179 0.299 0.147 0.375 
168     1754   (53)    7 :  0.115 0.667 0.070 0.148 
169     1755   (15)    7 :  0.049 0.081 0.806 0.065 
170     1756   (11)    7 :  0.194 0.379 0.339 0.088 
171     1757   (60)    7 :  0.089 0.346 0.443 0.123 
172     1758   (60)    7 :  0.042 0.129 0.669 0.160 
173     1759   (36)    7 :  0.015 0.033 0.932 0.020 
174     1760   (24)    7 :  0.396 0.112 0.395 0.097 
175     1761   (10)    7 :  0.827 0.051 0.026 0.095 
176     1762   (18)    7 :  0.045 0.105 0.647 0.203 
177     1763   (45)    7 :  0.070 0.107 0.762 0.062 
178     1764   (16)    7 :  0.249 0.275 0.397 0.079 


Estimated Allele Frequencies in each cluster
First column gives estimated ancestral frequencies


Locus 1 : 
2 alleles
29.8% missing data
   0   (0.693) 0.710 0.693 0.660 0.703 
   1   (0.307) 0.290 0.307 0.340 0.297 

Locus 2 : 
2 alleles
21.3% missing data
   0   (0.813) 0.805 0.817 0.655 0.839 
   1   (0.187) 0.195 0.183 0.345 0.161 

Locus 3 : 
2 alleles
12.4% missing data
   0   (0.338) 0.313 0.338 0.359 0.342 
   1   (0.662) 0.687 0.662 0.641 0.658 

Locus 4 : 
2 alleles
48.9% missing data
   0   (0.859) 0.881 0.859 0.852 0.867 
   1   (0.141) 0.119 0.141 0.148 0.133 

Locus 5 : 
2 alleles
60.1% missing data
   0   (0.889) 0.894 0.889 0.962 0.878 
   1   (0.111) 0.106 0.111 0.038 0.122 

Locus 6 : 
2 alleles
28.1% missing data
   0   (0.856) 0.864 0.856 0.916 0.861 
   1   (0.144) 0.136 0.144 0.084 0.139 

Locus 7 : 
2 alleles
61.2% missing data
   0   (0.846) 0.819 0.850 0.833 0.847 
   1   (0.154) 0.181 0.150 0.167 0.153 

Locus 8 : 
2 alleles
62.4% missing data
   0   (0.841) 0.815 0.844 0.831 0.840 
   1   (0.159) 0.185 0.156 0.169 0.160 

Locus 9 : 
2 alleles
18.0% missing data
   0   (0.957) 0.967 0.959 0.978 0.962 
   1   (0.043) 0.033 0.041 0.022 0.038 

Locus 10 : 
2 alleles
8.4% missing data
   0   (0.257) 0.207 0.257 0.316 0.256 
   1   (0.743) 0.793 0.743 0.684 0.744 

Locus 11 : 
2 alleles
15.2% missing data
   0   (0.868) 0.851 0.870 0.856 0.881 
   1   (0.132) 0.149 0.130 0.144 0.119 

Locus 12 : 
2 alleles
18.0% missing data
   0   (0.927) 0.942 0.928 0.929 0.939 
   1   (0.073) 0.058 0.072 0.071 0.061 

Locus 13 : 
2 alleles
28.1% missing data
   1   (0.947) 0.971 0.947 0.931 0.959 
   0   (0.053) 0.029 0.053 0.069 0.041 

Locus 14 : 
2 alleles
22.5% missing data
   0   (0.830) 0.852 0.831 0.684 0.855 
   1   (0.170) 0.148 0.169 0.316 0.145 

Locus 15 : 
2 alleles
23.0% missing data
   0   (0.830) 0.851 0.831 0.684 0.853 
   1   (0.170) 0.149 0.169 0.316 0.147 

Locus 16 : 
2 alleles
20.8% missing data
   0   (0.848) 0.862 0.846 0.939 0.848 
   1   (0.152) 0.138 0.154 0.061 0.152 

Locus 17 : 
2 alleles
11.8% missing data
   1   (0.715) 0.662 0.715 0.792 0.735 
   0   (0.285) 0.338 0.285 0.208 0.265 

Locus 18 : 
2 alleles
46.1% missing data
   0   (0.916) 0.924 0.917 0.955 0.908 
   1   (0.084) 0.076 0.083 0.045 0.092 

Locus 19 : 
2 alleles
46.6% missing data
   0   (0.883) 0.877 0.883 0.911 0.907 
   1   (0.117) 0.123 0.117 0.089 0.093 

Locus 20 : 
2 alleles
2.8% missing data
   0   (0.911) 0.933 0.910 0.866 0.936 
   1   (0.089) 0.067 0.090 0.134 0.064 

Locus 21 : 
2 alleles
6.7% missing data
   1   (0.860) 0.878 0.860 0.886 0.857 
   0   (0.140) 0.122 0.140 0.114 0.143 

Locus 22 : 
2 alleles
9.0% missing data
   1   (0.899) 0.910 0.901 0.761 0.927 
   0   (0.101) 0.090 0.099 0.239 0.073 

Locus 23 : 
2 alleles
32.6% missing data
   0   (0.918) 0.922 0.918 0.958 0.924 
   1   (0.082) 0.078 0.082 0.042 0.076 

Locus 24 : 
2 alleles
50.6% missing data
   0   (0.884) 0.877 0.882 0.977 0.879 
   1   (0.116) 0.123 0.118 0.023 0.121 

Locus 25 : 
2 alleles
36.0% missing data
   0   (0.642) 0.596 0.648 0.622 0.623 
   1   (0.358) 0.404 0.352 0.378 0.377 

Locus 26 : 
2 alleles
21.9% missing data
   0   (0.960) 0.979 0.961 0.866 0.976 
   1   (0.040) 0.021 0.039 0.134 0.024 

Locus 27 : 
2 alleles
10.1% missing data
   0   (0.859) 0.833 0.860 0.874 0.884 
   1   (0.141) 0.167 0.140 0.126 0.116 

Locus 28 : 
2 alleles
39.3% missing data
   0   (0.925) 0.956 0.927 0.846 0.931 
   1   (0.075) 0.044 0.073 0.154 0.069 

Locus 29 : 
2 alleles
34.3% missing data
   1   (0.441) 0.502 0.437 0.459 0.435 
   0   (0.559) 0.498 0.563 0.541 0.565 

Locus 30 : 
2 alleles
48.3% missing data
   0   (0.866) 0.889 0.867 0.807 0.870 
   1   (0.134) 0.111 0.133 0.193 0.130 

Locus 31 : 
2 alleles
20.2% missing data
   0   (0.930) 0.949 0.933 0.811 0.942 
   1   (0.070) 0.051 0.067 0.189 0.058 

Locus 32 : 
2 alleles
1.1% missing data
   0   (0.841) 0.833 0.840 0.937 0.845 
   1   (0.159) 0.167 0.160 0.063 0.155 

Locus 33 : 
2 alleles
31.5% missing data
   0   (0.966) 0.983 0.968 0.834 0.977 
   1   (0.034) 0.017 0.032 0.166 0.023 

Locus 34 : 
2 alleles
33.1% missing data
   1   (0.848) 0.858 0.848 0.934 0.837 
   0   (0.152) 0.142 0.152 0.066 0.163 

Locus 35 : 
2 alleles
28.1% missing data
   0   (0.768) 0.799 0.767 0.850 0.755 
   1   (0.232) 0.201 0.233 0.150 0.245 

Locus 36 : 
2 alleles
21.3% missing data
   0   (0.902) 0.945 0.904 0.811 0.909 
   1   (0.098) 0.055 0.096 0.189 0.091 

Locus 37 : 
2 alleles
9.0% missing data
   0   (0.788) 0.821 0.787 0.838 0.790 
   1   (0.212) 0.179 0.213 0.162 0.210 

Locus 38 : 
2 alleles
23.6% missing data
   0   (0.942) 0.962 0.941 0.960 0.956 
   1   (0.058) 0.038 0.059 0.040 0.044 

Locus 39 : 
2 alleles
34.8% missing data
   0   (0.796) 0.806 0.797 0.877 0.760 
   1   (0.204) 0.194 0.203 0.123 0.240 

Locus 40 : 
2 alleles
20.2% missing data
   0   (0.731) 0.733 0.730 0.821 0.724 
   1   (0.269) 0.267 0.270 0.179 0.276 

Locus 41 : 
2 alleles
52.8% missing data
   0   (0.923) 0.927 0.925 0.829 0.946 
   1   (0.077) 0.073 0.075 0.171 0.054 

Locus 42 : 
2 alleles
22.5% missing data
   0   (0.890) 0.912 0.887 0.949 0.906 
   1   (0.110) 0.088 0.113 0.051 0.094 

Locus 43 : 
2 alleles
22.5% missing data
   0   (0.847) 0.874 0.850 0.790 0.843 
   1   (0.153) 0.126 0.150 0.210 0.157 

Locus 44 : 
2 alleles
18.0% missing data
   0   (0.940) 0.970 0.940 0.920 0.957 
   1   (0.060) 0.030 0.060 0.080 0.043 

Locus 45 : 
2 alleles
52.2% missing data
   0   (0.758) 0.798 0.755 0.866 0.739 
   1   (0.242) 0.202 0.245 0.134 0.261 

Locus 46 : 
2 alleles
25.3% missing data
   0   (0.942) 0.974 0.942 0.843 0.959 
   1   (0.058) 0.026 0.058 0.157 0.041 

Locus 47 : 
2 alleles
18.5% missing data
   0   (0.927) 0.929 0.931 0.855 0.941 
   1   (0.073) 0.071 0.069 0.145 0.059 

Locus 48 : 
2 alleles
57.3% missing data
   0   (0.971) 0.984 0.973 0.963 0.981 
   1   (0.029) 0.016 0.027 0.037 0.019 

Locus 49 : 
2 alleles
51.7% missing data
   0   (0.874) 0.894 0.875 0.853 0.888 
   1   (0.126) 0.106 0.125 0.147 0.112 

Locus 50 : 
2 alleles
11.2% missing data
   0   (0.708) 0.788 0.708 0.529 0.708 
   1   (0.292) 0.212 0.292 0.471 0.292 

Locus 51 : 
2 alleles
18.0% missing data
   0   (0.663) 0.648 0.666 0.539 0.698 
   1   (0.337) 0.352 0.334 0.461 0.302 

Locus 52 : 
2 alleles
33.7% missing data
   0   (0.680) 0.717 0.678 0.775 0.673 
   1   (0.320) 0.283 0.322 0.225 0.327 

Locus 53 : 
2 alleles
8.4% missing data
   0   (0.204) 0.171 0.205 0.238 0.184 
   1   (0.796) 0.829 0.795 0.762 0.816 

Locus 54 : 
2 alleles
22.5% missing data
   0   (0.925) 0.949 0.925 0.930 0.933 
   1   (0.075) 0.051 0.075 0.070 0.067 

Locus 55 : 
2 alleles
19.1% missing data
   0   (0.728) 0.735 0.727 0.837 0.702 
   1   (0.272) 0.265 0.273 0.163 0.298 

Locus 56 : 
2 alleles
10.1% missing data
   0   (0.879) 0.865 0.879 0.922 0.886 
   1   (0.121) 0.135 0.121 0.078 0.114 

Locus 57 : 
2 alleles
13.5% missing data
   0   (0.525) 0.534 0.525 0.501 0.530 
   1   (0.475) 0.466 0.475 0.499 0.470 

Locus 58 : 
2 alleles
33.1% missing data
   0   (0.613) 0.610 0.612 0.706 0.612 
   1   (0.387) 0.390 0.388 0.294 0.388 

Locus 59 : 
2 alleles
32.6% missing data
   0   (0.277) 0.247 0.266 0.853 0.242 
   1   (0.723) 0.753 0.734 0.147 0.758 

Locus 60 : 
2 alleles
44.4% missing data
   1   (0.659) 0.624 0.657 0.774 0.672 
   0   (0.341) 0.376 0.343 0.226 0.328 

Locus 61 : 
2 alleles
16.9% missing data
   0   (0.857) 0.869 0.859 0.777 0.873 
   1   (0.143) 0.131 0.141 0.223 0.127 

Locus 62 : 
2 alleles
7.9% missing data
   0   (0.919) 0.938 0.921 0.911 0.932 
   1   (0.081) 0.062 0.079 0.089 0.068 

Locus 63 : 
2 alleles
36.5% missing data
   0   (0.928) 0.940 0.930 0.883 0.943 
   1   (0.072) 0.060 0.070 0.117 0.057 

Locus 64 : 
2 alleles
9.0% missing data
   0   (0.679) 0.709 0.675 0.848 0.649 
   1   (0.321) 0.291 0.325 0.152 0.351 

Locus 65 : 
2 alleles
38.8% missing data
   1   (0.144) 0.146 0.143 0.183 0.117 
   0   (0.856) 0.854 0.857 0.817 0.883 

Locus 66 : 
2 alleles
18.0% missing data
   0   (0.942) 0.965 0.943 0.894 0.956 
   1   (0.058) 0.035 0.057 0.106 0.044 

Locus 67 : 
2 alleles
23.0% missing data
   0   (0.843) 0.839 0.840 0.899 0.875 
   1   (0.157) 0.161 0.160 0.101 0.125 

Locus 68 : 
2 alleles
48.9% missing data
   0   (0.942) 0.962 0.942 0.943 0.955 
   1   (0.058) 0.038 0.058 0.057 0.045 

Locus 69 : 
2 alleles
23.0% missing data
   1   (0.857) 0.838 0.861 0.781 0.872 
   0   (0.143) 0.162 0.139 0.219 0.128 

Locus 70 : 
2 alleles
42.7% missing data
   0   (0.801) 0.835 0.800 0.762 0.813 
   1   (0.199) 0.165 0.200 0.238 0.187 

Locus 71 : 
2 alleles
12.4% missing data
   0   (0.957) 0.972 0.961 0.890 0.964 
   1   (0.043) 0.028 0.039 0.110 0.036 

Locus 72 : 
2 alleles
19.1% missing data
   0   (0.957) 0.973 0.959 0.958 0.965 
   1   (0.043) 0.027 0.041 0.042 0.035 

Locus 73 : 
2 alleles
8.4% missing data
   0   (0.927) 0.956 0.926 0.908 0.944 
   1   (0.073) 0.044 0.074 0.092 0.056 

Locus 74 : 
2 alleles
37.1% missing data
   0   (0.865) 0.863 0.865 0.932 0.863 
   1   (0.135) 0.137 0.135 0.068 0.137 

Locus 75 : 
2 alleles
61.8% missing data
   0   (0.912) 0.932 0.910 0.960 0.922 
   1   (0.088) 0.068 0.090 0.040 0.078 

Locus 76 : 
2 alleles
45.5% missing data
   0   (0.894) 0.873 0.896 0.954 0.890 
   1   (0.106) 0.127 0.104 0.046 0.110 

Locus 77 : 
2 alleles
56.2% missing data
   1   (0.834) 0.850 0.835 0.853 0.834 
   0   (0.166) 0.150 0.165 0.147 0.166 

Locus 78 : 
2 alleles
10.7% missing data
   1   (0.319) 0.392 0.313 0.333 0.304 
   0   (0.681) 0.608 0.687 0.667 0.696 

Locus 79 : 
2 alleles
6.7% missing data
   0   (0.929) 0.930 0.931 0.861 0.949 
   1   (0.071) 0.070 0.069 0.139 0.051 

Locus 80 : 
2 alleles
2.8% missing data
   0   (0.840) 0.799 0.846 0.821 0.841 
   1   (0.160) 0.201 0.154 0.179 0.159 

Locus 81 : 
2 alleles
42.1% missing data
   0   (0.316) 0.256 0.314 0.479 0.318 
   1   (0.684) 0.744 0.686 0.521 0.682 

Locus 82 : 
2 alleles
11.8% missing data
   0   (0.921) 0.931 0.922 0.927 0.923 
   1   (0.079) 0.069 0.078 0.073 0.077 

Locus 83 : 
2 alleles
3.4% missing data
   0   (0.511) 0.507 0.510 0.646 0.487 
   1   (0.489) 0.493 0.490 0.354 0.513 

Locus 84 : 
2 alleles
35.4% missing data
   0   (0.888) 0.928 0.887 0.888 0.903 
   1   (0.112) 0.072 0.113 0.112 0.097 

Locus 85 : 
2 alleles
51.7% missing data
   0   (0.791) 0.827 0.791 0.762 0.800 
   1   (0.209) 0.173 0.209 0.238 0.200 

Locus 86 : 
2 alleles
29.2% missing data
   0   (0.919) 0.911 0.920 0.926 0.940 
   1   (0.081) 0.089 0.080 0.074 0.060 

Locus 87 : 
2 alleles
16.3% missing data
   0   (0.892) 0.913 0.896 0.861 0.879 
   1   (0.108) 0.087 0.104 0.139 0.121 

Locus 88 : 
2 alleles
53.4% missing data
   0   (0.390) 0.319 0.385 0.880 0.304 
   1   (0.610) 0.681 0.615 0.120 0.696 

Locus 89 : 
2 alleles
26.4% missing data
   0   (0.932) 0.953 0.932 0.964 0.940 
   1   (0.068) 0.047 0.068 0.036 0.060 

Locus 90 : 
2 alleles
15.7% missing data
   0   (0.909) 0.925 0.912 0.903 0.904 
   1   (0.091) 0.075 0.088 0.097 0.096 

Locus 91 : 
2 alleles
24.2% missing data
   0   (0.890) 0.937 0.888 0.921 0.892 
   1   (0.110) 0.063 0.112 0.079 0.108 

Locus 92 : 
2 alleles
18.5% missing data
   0   (0.879) 0.914 0.878 0.867 0.891 
   1   (0.121) 0.086 0.122 0.133 0.109 

Locus 93 : 
2 alleles
36.0% missing data
   1   (0.660) 0.668 0.657 0.810 0.646 
   0   (0.340) 0.332 0.343 0.190 0.354 

Locus 94 : 
2 alleles
29.8% missing data
   0   (0.557) 0.546 0.560 0.610 0.523 
   1   (0.443) 0.454 0.440 0.390 0.477 

Locus 95 : 
2 alleles
15.7% missing data
   1   (0.800) 0.824 0.800 0.842 0.798 
   0   (0.200) 0.176 0.200 0.158 0.202 

Locus 96 : 
2 alleles
28.7% missing data
   0   (0.529) 0.549 0.530 0.463 0.516 
   1   (0.471) 0.451 0.470 0.537 0.484 

Locus 97 : 
2 alleles
50.6% missing data
   0   (0.858) 0.868 0.860 0.863 0.864 
   1   (0.142) 0.132 0.140 0.137 0.136 

Locus 98 : 
2 alleles
16.9% missing data
   0   (0.838) 0.888 0.840 0.721 0.834 
   1   (0.162) 0.112 0.160 0.279 0.166 

Locus 99 : 
2 alleles
0.0% missing data
   0   (0.898) 0.928 0.900 0.859 0.900 
   1   (0.102) 0.072 0.100 0.141 0.100 

Locus 100 : 
2 alleles
7.9% missing data
   0   (0.455) 0.439 0.453 0.657 0.424 
   1   (0.545) 0.561 0.547 0.343 0.576 

Locus 101 : 
2 alleles
13.5% missing data
   1   (0.689) 0.690 0.692 0.725 0.662 
   0   (0.311) 0.310 0.308 0.275 0.338 

Locus 102 : 
2 alleles
20.8% missing data
   1   (0.692) 0.657 0.697 0.735 0.672 
   0   (0.308) 0.343 0.303 0.265 0.328 

Locus 103 : 
2 alleles
2.2% missing data
   0   (0.943) 0.975 0.943 0.914 0.953 
   1   (0.057) 0.025 0.057 0.086 0.047 

Locus 104 : 
2 alleles
33.7% missing data
   1   (0.760) 0.765 0.762 0.740 0.761 
   0   (0.240) 0.235 0.238 0.260 0.239 

Locus 105 : 
2 alleles
37.1% missing data
   0   (0.686) 0.595 0.690 0.630 0.720 
   1   (0.314) 0.405 0.310 0.370 0.280 

Locus 106 : 
2 alleles
13.5% missing data
   0   (0.869) 0.917 0.867 0.759 0.892 
   1   (0.131) 0.083 0.133 0.241 0.108 

Locus 107 : 
2 alleles
38.8% missing data
   0   (0.798) 0.797 0.801 0.739 0.799 
   1   (0.202) 0.203 0.199 0.261 0.201 

Locus 108 : 
2 alleles
11.8% missing data
   0   (0.869) 0.915 0.866 0.934 0.864 
   1   (0.131) 0.085 0.134 0.066 0.136 

Locus 109 : 
2 alleles
25.3% missing data
   0   (0.882) 0.921 0.881 0.845 0.905 
   1   (0.118) 0.079 0.119 0.155 0.095 

Locus 110 : 
2 alleles
12.4% missing data
   1   (0.600) 0.637 0.600 0.662 0.573 
   0   (0.400) 0.363 0.400 0.338 0.427 

Locus 111 : 
2 alleles
32.6% missing data
   0   (0.779) 0.819 0.779 0.704 0.793 
   1   (0.221) 0.181 0.221 0.296 0.207 

Locus 112 : 
2 alleles
53.4% missing data
   0   (0.862) 0.883 0.860 0.932 0.871 
   1   (0.138) 0.117 0.140 0.068 0.129 

Locus 113 : 
2 alleles
16.9% missing data
   1   (0.885) 0.898 0.887 0.887 0.892 
   0   (0.115) 0.102 0.113 0.113 0.108 

Locus 114 : 
2 alleles
5.6% missing data
   0   (0.916) 0.892 0.918 0.867 0.947 
   1   (0.084) 0.108 0.082 0.133 0.053 

Locus 115 : 
2 alleles
25.8% missing data
   0   (0.811) 0.852 0.811 0.720 0.825 
   1   (0.189) 0.148 0.189 0.280 0.175 

Locus 116 : 
2 alleles
24.7% missing data
   0   (0.755) 0.746 0.754 0.830 0.758 
   1   (0.245) 0.254 0.246 0.170 0.242 

Locus 117 : 
2 alleles
13.5% missing data
   0   (0.818) 0.803 0.821 0.868 0.812 
   1   (0.182) 0.197 0.179 0.132 0.188 

Locus 118 : 
2 alleles
5.6% missing data
   0   (0.570) 0.491 0.562 0.908 0.559 
   1   (0.430) 0.509 0.438 0.092 0.441 

Locus 119 : 
2 alleles
15.2% missing data
   0   (0.795) 0.801 0.794 0.926 0.763 
   1   (0.205) 0.199 0.206 0.074 0.237 

Locus 120 : 
2 alleles
23.0% missing data
   0   (0.893) 0.930 0.894 0.896 0.883 
   1   (0.107) 0.070 0.106 0.104 0.117 

Locus 121 : 
2 alleles
25.3% missing data
   0   (0.875) 0.890 0.875 0.892 0.894 
   1   (0.125) 0.110 0.125 0.108 0.106 

Locus 122 : 
2 alleles
12.9% missing data
   0   (0.812) 0.800 0.812 0.872 0.823 
   1   (0.188) 0.200 0.188 0.128 0.177 

Locus 123 : 
2 alleles
20.2% missing data
   1   (0.894) 0.936 0.897 0.806 0.891 
   0   (0.106) 0.064 0.103 0.194 0.109 

Locus 124 : 
2 alleles
43.8% missing data
   0   (0.598) 0.623 0.598 0.592 0.602 
   1   (0.402) 0.377 0.402 0.408 0.398 

Locus 125 : 
2 alleles
2.8% missing data
   0   (0.930) 0.964 0.930 0.945 0.941 
   1   (0.070) 0.036 0.070 0.055 0.059 

Locus 126 : 
2 alleles
15.2% missing data
   0   (0.884) 0.837 0.885 0.938 0.903 
   1   (0.116) 0.163 0.115 0.062 0.097 

Locus 127 : 
2 alleles
16.9% missing data
   0   (0.664) 0.684 0.665 0.619 0.668 
   1   (0.336) 0.316 0.335 0.381 0.332 

Locus 128 : 
2 alleles
63.5% missing data
   0   (0.713) 0.698 0.712 0.747 0.735 
   1   (0.287) 0.302 0.288 0.253 0.265 

Locus 129 : 
2 alleles
32.6% missing data
   0   (0.731) 0.782 0.730 0.630 0.755 
   1   (0.269) 0.218 0.270 0.370 0.245 

Locus 130 : 
2 alleles
30.9% missing data
   0   (0.864) 0.877 0.864 0.842 0.884 
   1   (0.136) 0.123 0.136 0.158 0.116 

Locus 131 : 
2 alleles
31.5% missing data
   0   (0.928) 0.951 0.927 0.930 0.945 
   1   (0.072) 0.049 0.073 0.070 0.055 

Locus 132 : 
2 alleles
9.0% missing data
   0   (0.794) 0.800 0.795 0.823 0.794 
   1   (0.206) 0.200 0.205 0.177 0.206 

Locus 133 : 
2 alleles
19.1% missing data
   1   (0.432) 0.420 0.435 0.491 0.388 
   0   (0.568) 0.580 0.565 0.509 0.612 

Locus 134 : 
2 alleles
45.5% missing data
   0   (0.812) 0.799 0.811 0.933 0.804 
   1   (0.188) 0.201 0.189 0.067 0.196 

Locus 135 : 
2 alleles
19.7% missing data
   0   (0.733) 0.708 0.736 0.743 0.740 
   1   (0.267) 0.292 0.264 0.257 0.260 

Locus 136 : 
2 alleles
2.8% missing data
   0   (0.897) 0.915 0.898 0.838 0.923 
   1   (0.103) 0.085 0.102 0.162 0.077 

Locus 137 : 
2 alleles
1.1% missing data
   1   (0.618) 0.599 0.619 0.745 0.583 
   0   (0.382) 0.401 0.381 0.255 0.417 

Locus 138 : 
2 alleles
49.4% missing data
   0   (0.849) 0.798 0.851 0.934 0.856 
   1   (0.151) 0.202 0.149 0.066 0.144 

Locus 139 : 
2 alleles
18.5% missing data
   0   (0.932) 0.928 0.935 0.915 0.935 
   1   (0.068) 0.072 0.065 0.085 0.065 

Locus 140 : 
2 alleles
16.3% missing data
   0   (0.941) 0.954 0.944 0.873 0.948 
   1   (0.059) 0.046 0.056 0.127 0.052 

Locus 141 : 
2 alleles
19.1% missing data
   0   (0.688) 0.698 0.686 0.714 0.705 
   1   (0.312) 0.302 0.314 0.286 0.295 

Locus 142 : 
2 alleles
16.3% missing data
   0   (0.430) 0.420 0.429 0.452 0.435 
   1   (0.570) 0.580 0.571 0.548 0.565 

Locus 143 : 
2 alleles
29.2% missing data
   0   (0.779) 0.796 0.779 0.790 0.774 
   1   (0.221) 0.204 0.221 0.210 0.226 

Locus 144 : 
2 alleles
6.7% missing data
   0   (0.910) 0.919 0.913 0.924 0.881 
   1   (0.090) 0.081 0.087 0.076 0.119 

Locus 145 : 
2 alleles
3.4% missing data
   0   (0.923) 0.931 0.924 0.893 0.938 
   1   (0.077) 0.069 0.076 0.107 0.062 

Locus 146 : 
2 alleles
17.4% missing data
   1   (0.685) 0.721 0.681 0.692 0.719 
   0   (0.315) 0.279 0.319 0.308 0.281 

Locus 147 : 
2 alleles
9.6% missing data
   0   (0.769) 0.818 0.772 0.608 0.770 
   1   (0.231) 0.182 0.228 0.392 0.230 

Locus 148 : 
2 alleles
11.8% missing data
   0   (0.888) 0.940 0.886 0.846 0.904 
   1   (0.112) 0.060 0.114 0.154 0.096 

Locus 149 : 
2 alleles
6.7% missing data
   0   (0.433) 0.454 0.429 0.510 0.426 
   1   (0.567) 0.546 0.571 0.490 0.574 

Locus 150 : 
2 alleles
44.9% missing data
   0   (0.823) 0.796 0.825 0.931 0.803 
   1   (0.177) 0.204 0.175 0.069 0.197 

Locus 151 : 
2 alleles
44.9% missing data
   1   (0.582) 0.588 0.580 0.750 0.545 
   0   (0.418) 0.412 0.420 0.250 0.455 

Locus 152 : 
2 alleles
22.5% missing data
   0   (0.849) 0.870 0.847 0.878 0.874 
   1   (0.151) 0.130 0.153 0.122 0.126 

Locus 153 : 
2 alleles
23.6% missing data
   0   (0.886) 0.903 0.885 0.915 0.898 
   1   (0.114) 0.097 0.115 0.085 0.102 

Locus 154 : 
2 alleles
6.7% missing data
   0   (0.962) 0.980 0.964 0.891 0.969 
   1   (0.038) 0.020 0.036 0.109 0.031 

Locus 155 : 
2 alleles
6.2% missing data
   0   (0.814) 0.870 0.810 0.840 0.825 
   1   (0.186) 0.130 0.190 0.160 0.175 

Locus 156 : 
2 alleles
22.5% missing data
   0   (0.915) 0.932 0.914 0.974 0.922 
   1   (0.085) 0.068 0.086 0.026 0.078 

Locus 157 : 
2 alleles
47.2% missing data
   1   (0.873) 0.880 0.873 0.895 0.894 
   0   (0.127) 0.120 0.127 0.105 0.106 

Locus 158 : 
2 alleles
34.3% missing data
   0   (0.754) 0.752 0.753 0.867 0.746 
   1   (0.246) 0.248 0.247 0.133 0.254 

Locus 159 : 
2 alleles
11.8% missing data
   1   (0.105) 0.090 0.103 0.131 0.096 
   0   (0.895) 0.910 0.897 0.869 0.904 

Locus 160 : 
2 alleles
26.4% missing data
   0   (0.938) 0.940 0.940 0.948 0.949 
   1   (0.062) 0.060 0.060 0.052 0.051 

Locus 161 : 
2 alleles
16.9% missing data
   0   (0.853) 0.892 0.857 0.720 0.846 
   1   (0.147) 0.108 0.143 0.280 0.154 

Locus 162 : 
2 alleles
18.0% missing data
   1   (0.956) 0.975 0.957 0.933 0.972 
   0   (0.044) 0.025 0.043 0.067 0.028 

Locus 163 : 
2 alleles
46.6% missing data
   1   (0.748) 0.750 0.747 0.751 0.767 
   0   (0.252) 0.250 0.253 0.249 0.233 

Locus 164 : 
2 alleles
27.0% missing data
   0   (0.902) 0.893 0.903 0.857 0.933 
   1   (0.098) 0.107 0.097 0.143 0.067 

Locus 165 : 
2 alleles
24.2% missing data
   0   (0.908) 0.946 0.908 0.877 0.898 
   1   (0.092) 0.054 0.092 0.123 0.102 

Locus 166 : 
2 alleles
46.1% missing data
   1   (0.711) 0.702 0.713 0.774 0.699 
   0   (0.289) 0.298 0.287 0.226 0.301 

Locus 167 : 
2 alleles
38.8% missing data
   0   (0.882) 0.888 0.881 0.945 0.900 
   1   (0.118) 0.112 0.119 0.055 0.100 

Locus 168 : 
2 alleles
15.2% missing data
   0   (0.820) 0.852 0.821 0.847 0.810 
   1   (0.180) 0.148 0.179 0.153 0.190 

Locus 169 : 
2 alleles
3.4% missing data
   1   (0.590) 0.595 0.586 0.685 0.592 
   0   (0.410) 0.405 0.414 0.315 0.408 

Locus 170 : 
2 alleles
43.8% missing data
   0   (0.844) 0.842 0.844 0.894 0.851 
   1   (0.156) 0.158 0.156 0.106 0.149 

Locus 171 : 
2 alleles
11.2% missing data
   0   (0.918) 0.947 0.918 0.906 0.929 
   1   (0.082) 0.053 0.082 0.094 0.071 

Locus 172 : 
2 alleles
29.2% missing data
   0   (0.843) 0.786 0.848 0.924 0.804 
   1   (0.157) 0.214 0.152 0.076 0.196 

Locus 173 : 
2 alleles
16.9% missing data
   0   (0.900) 0.887 0.901 0.940 0.910 
   1   (0.100) 0.113 0.099 0.060 0.090 

Locus 174 : 
2 alleles
16.3% missing data
   0   (0.874) 0.892 0.874 0.929 0.863 
   1   (0.126) 0.108 0.126 0.071 0.137 

Locus 175 : 
2 alleles
10.1% missing data
   0   (0.869) 0.913 0.866 0.936 0.873 
   1   (0.131) 0.087 0.134 0.064 0.127 

Locus 176 : 
2 alleles
10.7% missing data
   0   (0.783) 0.728 0.785 0.787 0.814 
   1   (0.217) 0.272 0.215 0.213 0.186 

Locus 177 : 
2 alleles
28.7% missing data
   0   (0.599) 0.692 0.593 0.686 0.581 
   1   (0.401) 0.308 0.407 0.314 0.419 

Locus 178 : 
2 alleles
18.5% missing data
   1   (0.851) 0.846 0.849 0.941 0.865 
   0   (0.149) 0.154 0.151 0.059 0.135 

Locus 179 : 
2 alleles
12.9% missing data
   0   (0.833) 0.844 0.835 0.788 0.852 
   1   (0.167) 0.156 0.165 0.212 0.148 

Locus 180 : 
2 alleles
7.9% missing data
   1   (0.953) 0.969 0.953 0.948 0.970 
   0   (0.047) 0.031 0.047 0.052 0.030 

Locus 181 : 
2 alleles
2.2% missing data
   0   (0.399) 0.419 0.392 0.514 0.407 
   1   (0.601) 0.581 0.608 0.486 0.593 

Locus 182 : 
2 alleles
26.4% missing data
   0   (0.628) 0.646 0.630 0.609 0.603 
   1   (0.372) 0.354 0.370 0.391 0.397 

Locus 183 : 
2 alleles
28.7% missing data
   1   (0.829) 0.848 0.829 0.642 0.882 
   0   (0.171) 0.152 0.171 0.358 0.118 

Locus 184 : 
2 alleles
48.3% missing data
   0   (0.902) 0.914 0.903 0.870 0.918 
   1   (0.098) 0.086 0.097 0.130 0.082 

Locus 185 : 
2 alleles
10.1% missing data
   0   (0.952) 0.966 0.952 0.933 0.967 
   1   (0.048) 0.034 0.048 0.067 0.033 

Locus 186 : 
2 alleles
1.7% missing data
   0   (0.910) 0.918 0.911 0.954 0.904 
   1   (0.090) 0.082 0.089 0.046 0.096 

Locus 187 : 
2 alleles
21.9% missing data
   0   (0.899) 0.902 0.900 0.963 0.873 
   1   (0.101) 0.098 0.100 0.037 0.127 

Locus 188 : 
2 alleles
18.5% missing data
   1   (0.946) 0.941 0.947 0.987 0.950 
   0   (0.054) 0.059 0.053 0.013 0.050 

Locus 189 : 
2 alleles
47.8% missing data
   1   (0.729) 0.721 0.733 0.622 0.727 
   0   (0.271) 0.279 0.267 0.378 0.273 

Locus 190 : 
2 alleles
52.8% missing data
   1   (0.272) 0.225 0.273 0.232 0.284 
   0   (0.728) 0.775 0.727 0.768 0.716 

Locus 191 : 
2 alleles
16.9% missing data
   0   (0.949) 0.973 0.950 0.908 0.952 
   1   (0.051) 0.027 0.050 0.092 0.048 

Locus 192 : 
2 alleles
16.9% missing data
   0   (0.903) 0.898 0.906 0.852 0.923 
   1   (0.097) 0.102 0.094 0.148 0.077 

Locus 193 : 
2 alleles
18.5% missing data
   0   (0.880) 0.889 0.879 0.948 0.887 
   1   (0.120) 0.111 0.121 0.052 0.113 

Locus 194 : 
2 alleles
3.4% missing data
   1   (0.863) 0.905 0.861 0.918 0.849 
   0   (0.137) 0.095 0.139 0.082 0.151 

Locus 195 : 
2 alleles
6.2% missing data
   0   (0.949) 0.957 0.951 0.938 0.962 
   1   (0.051) 0.043 0.049 0.062 0.038 

Locus 196 : 
2 alleles
5.6% missing data
   0   (0.967) 0.988 0.968 0.866 0.974 
   1   (0.033) 0.012 0.032 0.134 0.026 

Locus 197 : 
2 alleles
39.9% missing data
   0   (0.680) 0.681 0.677 0.802 0.679 
   1   (0.320) 0.319 0.323 0.198 0.321 

Locus 198 : 
2 alleles
14.6% missing data
   0   (0.934) 0.962 0.936 0.842 0.951 
   1   (0.066) 0.038 0.064 0.158 0.049 

Locus 199 : 
2 alleles
27.5% missing data
   0   (0.924) 0.935 0.923 0.966 0.935 
   1   (0.076) 0.065 0.077 0.034 0.065 

Locus 200 : 
2 alleles
5.6% missing data
   0   (0.911) 0.935 0.912 0.878 0.927 
   1   (0.089) 0.065 0.088 0.122 0.073 

Locus 201 : 
2 alleles
1.7% missing data
   0   (0.766) 0.803 0.763 0.778 0.788 
   1   (0.234) 0.197 0.237 0.222 0.212 

Locus 202 : 
2 alleles
14.6% missing data
   0   (0.863) 0.893 0.862 0.842 0.879 
   1   (0.137) 0.107 0.138 0.158 0.121 

Locus 203 : 
2 alleles
16.9% missing data
   0   (0.893) 0.892 0.895 0.947 0.863 
   1   (0.107) 0.108 0.105 0.053 0.137 

Locus 204 : 
2 alleles
25.3% missing data
   0   (0.850) 0.828 0.853 0.906 0.834 
   1   (0.150) 0.172 0.147 0.094 0.166 

Locus 205 : 
2 alleles
29.2% missing data
   0   (0.897) 0.863 0.896 0.969 0.920 
   1   (0.103) 0.137 0.104 0.031 0.080 

Locus 206 : 
2 alleles
50.6% missing data
   0   (0.910) 0.918 0.911 0.934 0.906 
   1   (0.090) 0.082 0.089 0.066 0.094 

Locus 207 : 
2 alleles
6.7% missing data
   0   (0.769) 0.750 0.770 0.939 0.705 
   1   (0.231) 0.250 0.230 0.061 0.295 

Locus 208 : 
2 alleles
6.7% missing data
   0   (0.879) 0.907 0.878 0.827 0.899 
   1   (0.121) 0.093 0.122 0.173 0.101 

Locus 209 : 
2 alleles
30.9% missing data
   0   (0.464) 0.444 0.465 0.481 0.456 
   1   (0.536) 0.556 0.535 0.519 0.544 

Locus 210 : 
2 alleles
33.7% missing data
   0   (0.953) 0.967 0.952 0.993 0.954 
   1   (0.047) 0.033 0.048 0.007 0.046 

Locus 211 : 
2 alleles
32.6% missing data
   0   (0.848) 0.816 0.849 0.913 0.854 
   1   (0.152) 0.184 0.151 0.087 0.146 

Locus 212 : 
2 alleles
21.3% missing data
   0   (0.835) 0.815 0.834 0.956 0.820 
   1   (0.165) 0.185 0.166 0.044 0.180 

Locus 213 : 
2 alleles
13.5% missing data
   0   (0.957) 0.983 0.959 0.881 0.961 
   1   (0.043) 0.017 0.041 0.119 0.039 

Locus 214 : 
2 alleles
19.7% missing data
   0   (0.864) 0.838 0.866 0.935 0.862 
   1   (0.136) 0.162 0.134 0.065 0.138 

Locus 215 : 
2 alleles
12.4% missing data
   1   (0.838) 0.885 0.838 0.603 0.870 
   0   (0.162) 0.115 0.162 0.397 0.130 

Locus 216 : 
2 alleles
32.0% missing data
   0   (0.918) 0.962 0.918 0.692 0.939 
   1   (0.082) 0.038 0.082 0.308 0.061 

Locus 217 : 
2 alleles
50.6% missing data
   0   (0.930) 0.967 0.928 0.928 0.940 
   1   (0.070) 0.033 0.072 0.072 0.060 

Locus 218 : 
2 alleles
54.5% missing data
   0   (0.828) 0.877 0.826 0.774 0.855 
   1   (0.172) 0.123 0.174 0.226 0.145 

Locus 219 : 
2 alleles
50.0% missing data
   0   (0.395) 0.377 0.395 0.383 0.404 
   1   (0.605) 0.623 0.605 0.617 0.596 

Locus 220 : 
2 alleles
46.6% missing data
   0   (0.806) 0.842 0.806 0.763 0.802 
   1   (0.194) 0.158 0.194 0.237 0.198 

Locus 221 : 
2 alleles
27.0% missing data
   0   (0.697) 0.707 0.700 0.603 0.702 
   1   (0.303) 0.293 0.300 0.397 0.298 

Locus 222 : 
2 alleles
54.5% missing data
   0   (0.865) 0.889 0.863 0.950 0.845 
   1   (0.135) 0.111 0.137 0.050 0.155 

Locus 223 : 
2 alleles
10.1% missing data
   0   (0.889) 0.908 0.887 0.925 0.900 
   1   (0.111) 0.092 0.113 0.075 0.100 

Locus 224 : 
2 alleles
20.8% missing data
   0   (0.294) 0.294 0.298 0.152 0.294 
   1   (0.706) 0.706 0.702 0.848 0.706 

Locus 225 : 
2 alleles
8.4% missing data
   0   (0.940) 0.959 0.940 0.885 0.959 
   1   (0.060) 0.041 0.060 0.115 0.041 

Locus 226 : 
2 alleles
15.2% missing data
   0   (0.907) 0.933 0.909 0.914 0.909 
   1   (0.093) 0.067 0.091 0.086 0.091 

Locus 227 : 
2 alleles
39.9% missing data
   0   (0.458) 0.439 0.459 0.477 0.451 
   1   (0.542) 0.561 0.541 0.523 0.549 

Locus 228 : 
2 alleles
14.0% missing data
   0   (0.804) 0.817 0.800 0.945 0.792 
   1   (0.196) 0.183 0.200 0.055 0.208 

Locus 229 : 
2 alleles
20.2% missing data
   0   (0.936) 0.948 0.938 0.732 0.962 
   1   (0.064) 0.052 0.062 0.268 0.038 

Locus 230 : 
2 alleles
75.8% missing data
   0   (0.788) 0.786 0.788 0.871 0.782 
   1   (0.212) 0.214 0.212 0.129 0.218 

Locus 231 : 
2 alleles
16.9% missing data
   1   (0.542) 0.574 0.541 0.578 0.523 
   0   (0.458) 0.426 0.459 0.422 0.477 

Locus 232 : 
2 alleles
18.0% missing data
   0   (0.281) 0.260 0.280 0.278 0.287 
   1   (0.719) 0.740 0.720 0.722 0.713 

Locus 233 : 
2 alleles
59.0% missing data
   0   (0.749) 0.704 0.748 0.922 0.733 
   1   (0.251) 0.296 0.252 0.078 0.267 

Locus 234 : 
2 alleles
23.6% missing data
   0   (0.533) 0.549 0.532 0.512 0.534 
   1   (0.467) 0.451 0.468 0.488 0.466 

Locus 235 : 
2 alleles
14.0% missing data
   0   (0.917) 0.949 0.915 0.974 0.916 
   1   (0.083) 0.051 0.085 0.026 0.084 

Locus 236 : 
2 alleles
22.5% missing data
   0   (0.204) 0.222 0.205 0.123 0.185 
   1   (0.796) 0.778 0.795 0.877 0.815 

Locus 237 : 
2 alleles
35.4% missing data
   0   (0.904) 0.881 0.905 0.968 0.905 
   1   (0.096) 0.119 0.095 0.032 0.095 

Locus 238 : 
2 alleles
20.8% missing data
   1   (0.760) 0.819 0.760 0.657 0.767 
   0   (0.240) 0.181 0.240 0.343 0.233 

Locus 239 : 
2 alleles
37.6% missing data
   0   (0.822) 0.835 0.820 0.953 0.798 
   1   (0.178) 0.165 0.180 0.047 0.202 

Locus 240 : 
2 alleles
47.8% missing data
   1   (0.180) 0.167 0.181 0.233 0.149 
   0   (0.820) 0.833 0.819 0.767 0.851 

Locus 241 : 
2 alleles
37.1% missing data
   0   (0.960) 0.975 0.961 0.923 0.976 
   1   (0.040) 0.025 0.039 0.077 0.024 

Locus 242 : 
2 alleles
2.2% missing data
   0   (0.859) 0.898 0.857 0.850 0.882 
   1   (0.141) 0.102 0.143 0.150 0.118 

Locus 243 : 
2 alleles
39.9% missing data
   0   (0.670) 0.713 0.673 0.585 0.655 
   1   (0.330) 0.287 0.327 0.415 0.345 

Locus 244 : 
2 alleles
32.6% missing data
   0   (0.926) 0.944 0.925 0.987 0.903 
   1   (0.074) 0.056 0.075 0.013 0.097 

Locus 245 : 
2 alleles
27.5% missing data
   0   (0.964) 0.978 0.965 0.937 0.980 
   1   (0.036) 0.022 0.035 0.063 0.020 

Locus 246 : 
2 alleles
62.9% missing data
   0   (0.954) 0.969 0.955 0.957 0.965 
   1   (0.046) 0.031 0.045 0.043 0.035 

Locus 247 : 
2 alleles
55.1% missing data
   0   (0.866) 0.880 0.866 0.909 0.867 
   1   (0.134) 0.120 0.134 0.091 0.133 

Locus 248 : 
2 alleles
13.5% missing data
   0   (0.919) 0.935 0.918 0.956 0.935 
   1   (0.081) 0.065 0.082 0.044 0.065 

Locus 249 : 
2 alleles
39.3% missing data
   0   (0.917) 0.927 0.916 0.977 0.918 
   1   (0.083) 0.073 0.084 0.023 0.082 

Locus 250 : 
2 alleles
19.1% missing data
   0   (0.777) 0.801 0.778 0.768 0.784 
   1   (0.223) 0.199 0.222 0.232 0.216 

Locus 251 : 
2 alleles
56.2% missing data
   0   (0.955) 0.978 0.957 0.775 0.968 
   1   (0.045) 0.022 0.043 0.225 0.032 

Locus 252 : 
2 alleles
57.9% missing data
   0   (0.813) 0.775 0.813 0.897 0.827 
   1   (0.187) 0.225 0.187 0.103 0.173 

Locus 253 : 
2 alleles
44.4% missing data
   0   (0.873) 0.908 0.874 0.792 0.871 
   1   (0.127) 0.092 0.126 0.208 0.129 

Locus 254 : 
2 alleles
8.4% missing data
   0   (0.805) 0.806 0.805 0.809 0.821 
   1   (0.195) 0.194 0.195 0.191 0.179 

Locus 255 : 
2 alleles
19.1% missing data
   0   (0.347) 0.313 0.349 0.381 0.324 
   1   (0.653) 0.687 0.651 0.619 0.676 

Locus 256 : 
2 alleles
2.2% missing data
   1   (0.889) 0.898 0.888 0.845 0.919 
   0   (0.111) 0.102 0.112 0.155 0.081 

Locus 257 : 
2 alleles
34.3% missing data
   0   (0.903) 0.914 0.903 0.891 0.924 
   1   (0.097) 0.086 0.097 0.109 0.076 

Locus 258 : 
2 alleles
33.1% missing data
   0   (0.948) 0.957 0.950 0.914 0.967 
   1   (0.052) 0.043 0.050 0.086 0.033 

Locus 259 : 
2 alleles
5.6% missing data
   0   (0.946) 0.972 0.944 0.974 0.959 
   1   (0.054) 0.028 0.056 0.026 0.041 

Locus 260 : 
2 alleles
46.1% missing data
   0   (0.748) 0.766 0.747 0.754 0.760 
   1   (0.252) 0.234 0.253 0.246 0.240 

Locus 261 : 
2 alleles
60.7% missing data
   0   (0.941) 0.960 0.942 0.946 0.944 
   1   (0.059) 0.040 0.058 0.054 0.056 

Locus 262 : 
2 alleles
51.1% missing data
   0   (0.780) 0.806 0.777 0.885 0.775 
   1   (0.220) 0.194 0.223 0.115 0.225 

Locus 263 : 
2 alleles
18.5% missing data
   0   (0.553) 0.533 0.551 0.538 0.597 
   1   (0.447) 0.467 0.449 0.462 0.403 

Locus 264 : 
2 alleles
53.9% missing data
   0   (0.298) 0.269 0.300 0.286 0.280 
   1   (0.702) 0.731 0.700 0.714 0.720 

Locus 265 : 
2 alleles
21.3% missing data
   0   (0.893) 0.867 0.897 0.908 0.896 
   1   (0.107) 0.133 0.103 0.092 0.104 

Locus 266 : 
2 alleles
19.7% missing data
   0   (0.908) 0.923 0.912 0.786 0.903 
   1   (0.092) 0.077 0.088 0.214 0.097 

Locus 267 : 
2 alleles
6.2% missing data
   1   (0.718) 0.758 0.717 0.685 0.725 
   0   (0.282) 0.242 0.283 0.315 0.275 

Locus 268 : 
2 alleles
9.6% missing data
   0   (0.542) 0.551 0.541 0.644 0.507 
   1   (0.458) 0.449 0.459 0.356 0.493 

Locus 269 : 
2 alleles
49.4% missing data
   0   (0.554) 0.543 0.557 0.459 0.561 
   1   (0.446) 0.457 0.443 0.541 0.439 

Locus 270 : 
2 alleles
10.1% missing data
   0   (0.558) 0.490 0.556 0.536 0.625 
   1   (0.442) 0.510 0.444 0.464 0.375 

Locus 271 : 
2 alleles
16.3% missing data
   0   (0.898) 0.939 0.896 0.905 0.911 
   1   (0.102) 0.061 0.104 0.095 0.089 

Locus 272 : 
2 alleles
24.2% missing data
   0   (0.907) 0.901 0.908 0.955 0.903 
   1   (0.093) 0.099 0.092 0.045 0.097 

Locus 273 : 
2 alleles
59.6% missing data
   0   (0.806) 0.778 0.805 0.929 0.802 
   1   (0.194) 0.222 0.195 0.071 0.198 

Locus 274 : 
2 alleles
16.9% missing data
   0   (0.944) 0.976 0.942 0.977 0.947 
   1   (0.056) 0.024 0.058 0.023 0.053 

Locus 275 : 
2 alleles
62.4% missing data
   0   (0.880) 0.853 0.880 0.955 0.884 
   1   (0.120) 0.147 0.120 0.045 0.116 

Locus 276 : 
2 alleles
10.7% missing data
   0   (0.939) 0.950 0.940 0.910 0.957 
   1   (0.061) 0.050 0.060 0.090 0.043 

Locus 277 : 
2 alleles
9.6% missing data
   0   (0.950) 0.948 0.952 0.890 0.969 
   1   (0.050) 0.052 0.048 0.110 0.031 

Locus 278 : 
2 alleles
46.6% missing data
   0   (0.243) 0.191 0.242 0.350 0.243 
   1   (0.757) 0.809 0.758 0.650 0.757 

Locus 279 : 
2 alleles
37.1% missing data
   0   (0.775) 0.761 0.775 0.912 0.743 
   1   (0.225) 0.239 0.225 0.088 0.257 

Locus 280 : 
2 alleles
9.6% missing data
   0   (0.875) 0.896 0.876 0.871 0.882 
   1   (0.125) 0.104 0.124 0.129 0.118 

Locus 281 : 
2 alleles
6.7% missing data
   0   (0.770) 0.750 0.772 0.775 0.785 
   1   (0.230) 0.250 0.228 0.225 0.215 

Locus 282 : 
2 alleles
19.1% missing data
   0   (0.662) 0.680 0.657 0.780 0.666 
   1   (0.338) 0.320 0.343 0.220 0.334 

Locus 283 : 
2 alleles
9.0% missing data
   0   (0.900) 0.916 0.900 0.951 0.900 
   1   (0.100) 0.084 0.100 0.049 0.100 

Locus 284 : 
2 alleles
7.9% missing data
   0   (0.855) 0.891 0.852 0.892 0.868 
   1   (0.145) 0.109 0.148 0.108 0.132 

Locus 285 : 
2 alleles
5.6% missing data
   0   (0.801) 0.819 0.801 0.778 0.821 
   1   (0.199) 0.181 0.199 0.222 0.179 

Locus 286 : 
2 alleles
29.2% missing data
   0   (0.935) 0.954 0.937 0.916 0.938 
   1   (0.065) 0.046 0.063 0.084 0.062 

Locus 287 : 
2 alleles
9.0% missing data
   0   (0.909) 0.915 0.910 0.908 0.931 
   1   (0.091) 0.085 0.090 0.092 0.069 

Locus 288 : 
2 alleles
8.4% missing data
   1   (0.871) 0.907 0.873 0.822 0.868 
   0   (0.129) 0.093 0.127 0.178 0.132 

Locus 289 : 
2 alleles
24.7% missing data
   0   (0.723) 0.681 0.725 0.831 0.713 
   1   (0.277) 0.319 0.275 0.169 0.287 

Locus 290 : 
2 alleles
32.0% missing data
   0   (0.419) 0.431 0.419 0.391 0.425 
   1   (0.581) 0.569 0.581 0.609 0.575 

Locus 291 : 
2 alleles
47.2% missing data
   0   (0.773) 0.788 0.774 0.840 0.768 
   1   (0.227) 0.212 0.226 0.160 0.232 

Locus 292 : 
2 alleles
21.3% missing data
   0   (0.967) 0.986 0.969 0.936 0.973 
   1   (0.033) 0.014 0.031 0.064 0.027 

Locus 293 : 
2 alleles
33.7% missing data
   0   (0.854) 0.882 0.851 0.969 0.823 
   1   (0.146) 0.118 0.149 0.031 0.177 

Locus 294 : 
2 alleles
57.3% missing data
   1   (0.230) 0.230 0.221 0.685 0.216 
   0   (0.770) 0.770 0.779 0.315 0.784 

Locus 295 : 
2 alleles
20.8% missing data
   0   (0.852) 0.852 0.854 0.856 0.857 
   1   (0.148) 0.148 0.146 0.144 0.143 

Locus 296 : 
2 alleles
26.4% missing data
   0   (0.791) 0.813 0.788 0.939 0.744 
   1   (0.209) 0.187 0.212 0.061 0.256 

Locus 297 : 
2 alleles
9.6% missing data
   0   (0.939) 0.946 0.941 0.946 0.949 
   1   (0.061) 0.054 0.059 0.054 0.051 

Locus 298 : 
2 alleles
34.8% missing data
   0   (0.875) 0.895 0.876 0.758 0.900 
   1   (0.125) 0.105 0.124 0.242 0.100 

Locus 299 : 
2 alleles
7.3% missing data
   1   (0.910) 0.924 0.911 0.820 0.929 
   0   (0.090) 0.076 0.089 0.180 0.071 

Locus 300 : 
2 alleles
28.7% missing data
   0   (0.754) 0.618 0.758 0.706 0.804 
   1   (0.246) 0.382 0.242 0.294 0.196 

Values of parameters used in structure:
DATAFILE=/Users/Amy 1/Desktop/Population_Genetics/Lab/R/Lab_8/Lab8_2/project_data,	OUTFILE=/Users/Amy 1/Desktop/Population_Genetics/Lab/R/Lab_8/Lab8_2/Set_One/Results/Set_One_run_11,	NUMINDS=178,	NUMLOCI=300,	MISSING=-9,	LABEL=1,	POPDATA=1,	POPFLAG=0,	PHENOTYPE=0,	EXTRACOLS=0,	MAXPOPS=4,	BURNIN=5000,	NUMREPS=10000,	USEPOPINFO=0,	INFERALPHA=1,	INFERLAMBDA=0,	POPSPECIFICLAMBDA=0,	POPALPHAS=0,	COMPUTEPROB=1,	NOADMIX=0,	ADMBURNIN=2500,	UPDATEFREQ=1,	PRINTLIKES=0,	INTERMEDSAVE=0,	PRINTKLD=0,	PRINTNET=0,	PRINTLAMBDA=0,	ANCESTDIST=0,	NUMBOXES=1000,	ANCESTPINT=0.90000,	GENSBACK=2,	MIGRPRIOR=0.05000,	PRINTQHAT=0,	PRINTQSUM=0,	ALPHA=1.0000,	FREQSCORR=1,	FPRIORMEAN=0.0100,	FPRIORSD=0.0500,	ONEFST=0,	LAMBDA=1.0000,	UNIFPRIORALPHA=1,	ALPHAMAX=10.0000,	ALPHAPRIORA=1.0000,	ALPHAPRIORB=2.0000,	ALPHAPROPSD=0.0250,	STARTATPOPINFO=0,	RANDOMIZE=1,	LINKAGE=0,	METROFREQ=10,	REPORTHITRATE=0,	MARKOVPHASE=-1,	PHASED=0,	PLOIDY=2,	PHASEINFO=0	LOCPRIOR=0, 	LOCPRIORINIT=1.000000, 	LOCDATA=0, 	LOCISPOP=0, 	LOCPRIORSTEP=0.100000, 	MAXLOCPRIOR=20.000000, 	SEED=1571414274,	
[STRAT parameters]:    NUMSIMSTATS=1000,	PHENOTYPECOL=-9,	POOLFREQ=10,	LOCUSxONLY=0,	EMERROR=0.00100,	MISSINGPHENO=-9,	