

----------------------------------------------------
STRUCTURE by Pritchard, Stephens and Donnelly (2000)
     and Falush, Stephens and Pritchard (2003)
       Code by Pritchard, Falush and Hubisz
             Version 2.3.4 (Jul 2012)
----------------------------------------------------



Command line arguments:   bin/structure -m "/Users/Amy 1/Desktop/Population_Genetics/Lab/R/Lab_8/Lab8_2/Set_One/mainparams" -e "/Users/Amy 1/Desktop/Population_Genetics/Lab/R/Lab_8/Lab8_2/Set_One/extraparams" 
Input File:    /Users/Amy 1/Desktop/Population_Genetics/Lab/R/Lab_8/Lab8_2/project_data

Run parameters:
   178 individuals
   300 loci
   4 populations assumed
   5000 Burn-in period
   10000 Reps


--------------------------------------------
Proportion of membership of each pre-defined
 population in each of the 4 clusters

Given    Inferred Clusters              Number of
 Pop       1      2      3      4      Individuals

  1:     0.381  0.314  0.019  0.286       12
  2:     0.321  0.384  0.014  0.281       15
  3:     0.217  0.401  0.028  0.355       37
  4:     0.313  0.260  0.056  0.371       17
  5:     0.483  0.216  0.020  0.282        4
  6:     0.376  0.261  0.059  0.303       36
  7:     0.202  0.167  0.479  0.152       21
  8:     0.015  0.020  0.939  0.025       14
  9:     0.015  0.012  0.958  0.015       22
--------------------------------------------

Allele-freq. divergence among pops (Net nucleotide distance),
computed using point estimates of P.

      1       2       3       4      
 1      -    0.0015  0.0103  0.0012  
 2   0.0015     -    0.0105  0.0009  
 3   0.0103  0.0105     -    0.0096  
 4   0.0012  0.0009  0.0096     -    

Average distances (expected heterozygosity) between individuals in same cluster:
cluster  1  : 0.2518 
cluster  2  : 0.2570 
cluster  3  : 0.2571 
cluster  4  : 0.2621 

--------------------------------------------
Estimated Ln Prob of Data   = -32882.2
Mean value of ln likelihood = -31906.0
Variance of ln likelihood   = 1952.6
Mean value of alpha         = 0.0573

Mean value of Fst_1         = 0.0268
Mean value of Fst_2         = 0.0219
Mean value of Fst_3         = 0.0703
Mean value of Fst_4         = 0.0135


Inferred ancestry of individuals:
        Label (%Miss) Pop:  Inferred clusters
  1     1084    (6)    9 :  0.006 0.011 0.973 0.010 
  2     1085   (10)    9 :  0.044 0.033 0.881 0.043 
  3     1086    (3)    9 :  0.014 0.012 0.956 0.018 
  4     1087   (12)    9 :  0.011 0.006 0.979 0.003 
  5     1088    (5)    9 :  0.022 0.012 0.945 0.022 
  6     1089    (6)    9 :  0.017 0.017 0.955 0.010 
  7     1090    (5)    9 :  0.018 0.015 0.936 0.031 
  8     1091   (14)    9 :  0.017 0.013 0.958 0.012 
  9     1092   (22)    9 :  0.023 0.012 0.943 0.022 
 10     1093    (3)    9 :  0.010 0.024 0.955 0.011 
 11     1094   (14)    9 :  0.031 0.012 0.945 0.012 
 12     1095    (6)    9 :  0.006 0.005 0.985 0.004 
 13     1096    (8)    9 :  0.033 0.012 0.931 0.024 
 14     1097    (3)    9 :  0.005 0.011 0.977 0.007 
 15     1098    (2)    9 :  0.009 0.008 0.965 0.018 
 16     1099    (1)    9 :  0.007 0.005 0.981 0.008 
 17     1100    (5)    9 :  0.003 0.003 0.989 0.004 
 18     1101    (7)    9 :  0.027 0.008 0.929 0.036 
 19     1102    (8)    9 :  0.013 0.024 0.956 0.007 
 20     1103    (6)    9 :  0.005 0.013 0.976 0.005 
 21     1104    (9)    9 :  0.005 0.004 0.987 0.005 
 22     1105    (2)    9 :  0.011 0.009 0.968 0.011 
 23     1235    (3)    2 :  0.057 0.448 0.004 0.492 
 24     1236    (5)    2 :  0.120 0.843 0.020 0.017 
 25     1237    (8)    2 :  0.062 0.713 0.004 0.221 
 26     1238    (7)    2 :  0.081 0.839 0.007 0.074 
 27     1239    (5)    2 :  0.785 0.107 0.012 0.097 
 28     1240   (15)    2 :  0.041 0.804 0.005 0.150 
 29     1241   (16)    2 :  0.323 0.546 0.021 0.110 
 30     1242    (5)    2 :  0.016 0.115 0.054 0.815 
 31     1243    (8)    2 :  0.600 0.106 0.015 0.279 
 32     1244   (12)    2 :  0.577 0.077 0.004 0.341 
 33     1245   (20)    2 :  0.843 0.062 0.007 0.087 
 34     1246   (20)    2 :  0.240 0.126 0.012 0.622 
 35     1247   (11)    2 :  0.147 0.078 0.023 0.752 
 36     1248   (12)    2 :  0.794 0.061 0.010 0.135 
 37     1249    (9)    2 :  0.123 0.841 0.017 0.019 
 38     1253   (20)    8 :  0.007 0.012 0.974 0.007 
 39     1254   (12)    8 :  0.013 0.009 0.957 0.021 
 40     1255   (14)    8 :  0.003 0.005 0.990 0.002 
 41     1256   (24)    8 :  0.010 0.009 0.973 0.008 
 42     1257    (6)    8 :  0.012 0.007 0.957 0.023 
 43     1258   (23)    8 :  0.019 0.015 0.962 0.005 
 44     1259   (10)    8 :  0.006 0.006 0.977 0.012 
 45     1260   (36)    8 :  0.022 0.017 0.927 0.034 
 46     1261   (49)    8 :  0.032 0.055 0.801 0.113 
 47     1262   (29)    8 :  0.018 0.016 0.948 0.018 
 48     1263   (12)    8 :  0.012 0.006 0.973 0.009 
 49     1264   (48)    8 :  0.010 0.006 0.973 0.010 
 50     1265   (13)    8 :  0.008 0.006 0.977 0.009 
 51     1266   (26)    8 :  0.043 0.115 0.757 0.085 
 52     1637   (25)    1 :  0.135 0.649 0.016 0.200 
 53     1638   (19)    1 :  0.729 0.172 0.051 0.047 
 54     1639   (21)    1 :  0.324 0.488 0.010 0.177 
 55     1640   (21)    1 :  0.765 0.139 0.014 0.082 
 56     1641   (82)    1 :  0.772 0.078 0.017 0.134 
 57     1642   (55)    1 :  0.792 0.121 0.023 0.063 
 58     1643   (41)    1 :  0.144 0.237 0.018 0.602 
 59     1644   (53)    1 :  0.112 0.628 0.007 0.254 
 60     1645   (47)    1 :  0.209 0.077 0.008 0.706 
 61     1646   (49)    1 :  0.320 0.232 0.015 0.432 
 62     1647   (51)    1 :  0.229 0.635 0.016 0.120 
 63     1648   (55)    1 :  0.043 0.309 0.032 0.616 
 64     1649   (28)    3 :  0.266 0.546 0.007 0.181 
 65     1650   (26)    3 :  0.032 0.852 0.008 0.108 
 66     1651   (19)    3 :  0.096 0.405 0.012 0.487 
 67     1652   (17)    3 :  0.083 0.091 0.010 0.816 
 68     1653   (17)    3 :  0.095 0.816 0.008 0.080 
 69     1654   (33)    3 :  0.500 0.284 0.009 0.207 
 70     1655   (33)    3 :  0.497 0.049 0.014 0.439 
 71     1656   (20)    3 :  0.109 0.055 0.011 0.824 
 72     1657   (38)    3 :  0.365 0.499 0.009 0.127 
 73     1658   (22)    3 :  0.130 0.550 0.018 0.302 
 74     1659   (16)    3 :  0.113 0.070 0.014 0.803 
 75     1660   (24)    3 :  0.936 0.039 0.005 0.020 
 76     1661   (26)    3 :  0.036 0.404 0.025 0.535 
 77     1662   (36)    3 :  0.065 0.074 0.327 0.534 
 78     1663   (30)    3 :  0.243 0.656 0.007 0.095 
 79     1664   (19)    3 :  0.129 0.439 0.014 0.418 
 80     1665   (43)    3 :  0.606 0.206 0.011 0.176 
 81     1666   (33)    3 :  0.109 0.559 0.022 0.311 
 82     1667   (30)    3 :  0.098 0.214 0.039 0.648 
 83     1668   (15)    3 :  0.128 0.750 0.008 0.114 
 84     1669   (37)    3 :  0.111 0.575 0.045 0.269 
 85     1670   (61)    3 :  0.206 0.346 0.021 0.427 
 86     1671   (42)    3 :  0.341 0.132 0.025 0.503 
 87     1672   (29)    3 :  0.063 0.874 0.008 0.056 
 88     1673   (59)    3 :  0.202 0.627 0.051 0.120 
 89     1674   (20)    3 :  0.092 0.721 0.014 0.173 
 90     1675   (49)    3 :  0.202 0.148 0.054 0.596 
 91     1676   (20)    3 :  0.047 0.655 0.010 0.287 
 92     1677   (24)    3 :  0.310 0.155 0.009 0.526 
 93     1678   (32)    3 :  0.337 0.551 0.005 0.107 
 94     1679   (36)    3 :  0.044 0.036 0.086 0.834 
 95     1680   (17)    3 :  0.267 0.487 0.069 0.177 
 96     1681   (29)    3 :  0.393 0.431 0.009 0.166 
 97     1682   (39)    3 :  0.148 0.807 0.016 0.029 
 98     1683   (39)    3 :  0.100 0.158 0.006 0.737 
 99     1684   (31)    3 :  0.089 0.222 0.007 0.681 
100     1685   (16)    3 :  0.438 0.335 0.025 0.202 
101     1686   (17)    6 :  0.036 0.648 0.016 0.300 
102     1687   (38)    6 :  0.061 0.070 0.021 0.848 
103     1688   (16)    6 :  0.819 0.137 0.009 0.035 
104     1689   (22)    6 :  0.849 0.066 0.029 0.056 
105     1690   (11)    6 :  0.662 0.289 0.005 0.043 
106     1691   (24)    6 :  0.684 0.159 0.023 0.134 
107     1692   (23)    6 :  0.109 0.201 0.058 0.633 
108     1693   (21)    6 :  0.027 0.223 0.010 0.739 
109     1694   (40)    6 :  0.276 0.311 0.016 0.397 
110     1695   (13)    6 :  0.101 0.042 0.016 0.841 
111     1696   (15)    6 :  0.619 0.145 0.096 0.140 
112     1697   (19)    6 :  0.080 0.840 0.007 0.072 
113     1698   (13)    6 :  0.102 0.142 0.079 0.676 
114     1699   (23)    6 :  0.694 0.104 0.081 0.121 
115     1700   (13)    6 :  0.166 0.660 0.006 0.169 
116     1701   (15)    6 :  0.094 0.304 0.487 0.115 
117     1702   (37)    6 :  0.765 0.100 0.037 0.098 
118     1703   (16)    6 :  0.645 0.149 0.040 0.166 
119     1704   (24)    6 :  0.614 0.125 0.008 0.252 
120     1705   (13)    6 :  0.373 0.133 0.009 0.485 
121     1706   (19)    6 :  0.251 0.335 0.008 0.406 
122     1707   (41)    6 :  0.113 0.464 0.026 0.397 
123     1708   (19)    6 :  0.128 0.789 0.026 0.058 
124     1709   (52)    6 :  0.046 0.030 0.523 0.401 
125     1710   (32)    6 :  0.404 0.255 0.019 0.322 
126     1711   (39)    6 :  0.392 0.546 0.020 0.042 
127     1712   (26)    6 :  0.589 0.087 0.036 0.288 
128     1713   (32)    6 :  0.167 0.541 0.070 0.222 
129     1714   (30)    6 :  0.088 0.132 0.016 0.763 
130     1715   (19)    6 :  0.827 0.080 0.022 0.072 
131     1716   (27)    6 :  0.281 0.456 0.015 0.247 
132     1717   (26)    6 :  0.292 0.354 0.012 0.341 
133     1718   (42)    6 :  0.484 0.155 0.009 0.352 
134     1719   (23)    6 :  0.625 0.127 0.007 0.241 
135     1720   (29)    6 :  0.470 0.138 0.018 0.375 
136     1721   (24)    6 :  0.612 0.075 0.236 0.077 
137     1722   (13)    5 :  0.313 0.316 0.007 0.364 
138     1723   (20)    5 :  0.675 0.092 0.022 0.211 
139     1724   (19)    5 :  0.807 0.100 0.031 0.062 
140     1725   (25)    5 :  0.138 0.354 0.018 0.489 
141     1726   (20)    4 :  0.159 0.493 0.053 0.294 
142     1727   (30)    4 :  0.916 0.059 0.008 0.017 
143     1728   (52)    4 :  0.202 0.154 0.226 0.418 
144     1729   (30)    4 :  0.402 0.206 0.203 0.189 
145     1730   (30)    4 :  0.070 0.906 0.010 0.014 
146     1731   (58)    4 :  0.123 0.225 0.178 0.474 
147     1732   (56)    4 :  0.276 0.188 0.018 0.518 
148     1733   (22)    4 :  0.710 0.149 0.039 0.103 
149     1734   (39)    4 :  0.082 0.109 0.013 0.797 
150     1735   (49)    4 :  0.703 0.174 0.009 0.114 
151     1736   (26)    4 :  0.402 0.255 0.017 0.326 
152     1737   (14)    4 :  0.729 0.085 0.017 0.169 
153     1738   (20)    4 :  0.079 0.393 0.066 0.462 
154     1739   (16)    4 :  0.069 0.079 0.004 0.848 
155     1740   (30)    4 :  0.084 0.196 0.017 0.703 
156     1741   (49)    4 :  0.236 0.404 0.043 0.317 
157     1742   (39)    4 :  0.085 0.347 0.024 0.545 
158     1743   (27)    7 :  0.041 0.048 0.857 0.055 
159     1744   (53)    7 :  0.140 0.089 0.634 0.138 
160     1746   (59)    7 :  0.043 0.038 0.885 0.034 
161     1747   (31)    7 :  0.240 0.365 0.132 0.263 
162     1748   (34)    7 :  0.640 0.122 0.105 0.133 
163     1749   (14)    7 :  0.265 0.122 0.442 0.172 
164     1750   (30)    7 :  0.083 0.243 0.105 0.570 
165     1751   (19)    7 :  0.054 0.280 0.471 0.195 
166     1752   (43)    7 :  0.096 0.056 0.783 0.065 
167     1753   (25)    7 :  0.032 0.789 0.132 0.047 
168     1754   (53)    7 :  0.173 0.366 0.130 0.331 
169     1755   (15)    7 :  0.057 0.025 0.767 0.151 
170     1756   (11)    7 :  0.282 0.118 0.400 0.200 
171     1757   (60)    7 :  0.227 0.216 0.382 0.175 
172     1758   (60)    7 :  0.036 0.049 0.741 0.175 
173     1759   (36)    7 :  0.017 0.023 0.937 0.022 
174     1760   (24)    7 :  0.531 0.070 0.307 0.092 
175     1761   (10)    7 :  0.805 0.139 0.024 0.033 
176     1762   (18)    7 :  0.043 0.246 0.634 0.076 
177     1763   (45)    7 :  0.069 0.040 0.803 0.088 
178     1764   (16)    7 :  0.375 0.058 0.397 0.171 


Estimated Allele Frequencies in each cluster
First column gives estimated ancestral frequencies


Locus 1 : 
2 alleles
29.8% missing data
   0   (0.694) 0.714 0.697 0.658 0.699 
   1   (0.306) 0.286 0.303 0.342 0.301 

Locus 2 : 
2 alleles
21.3% missing data
   0   (0.807) 0.807 0.825 0.655 0.834 
   1   (0.193) 0.193 0.175 0.345 0.166 

Locus 3 : 
2 alleles
12.4% missing data
   0   (0.333) 0.311 0.356 0.361 0.321 
   1   (0.667) 0.689 0.644 0.639 0.679 

Locus 4 : 
2 alleles
48.9% missing data
   0   (0.857) 0.875 0.858 0.854 0.866 
   1   (0.143) 0.125 0.142 0.146 0.134 

Locus 5 : 
2 alleles
60.1% missing data
   0   (0.888) 0.893 0.882 0.961 0.885 
   1   (0.112) 0.107 0.118 0.039 0.115 

Locus 6 : 
2 alleles
28.1% missing data
   0   (0.856) 0.859 0.885 0.914 0.838 
   1   (0.144) 0.141 0.115 0.086 0.162 

Locus 7 : 
2 alleles
61.2% missing data
   0   (0.836) 0.844 0.813 0.831 0.860 
   1   (0.164) 0.156 0.187 0.169 0.140 

Locus 8 : 
2 alleles
62.4% missing data
   0   (0.828) 0.837 0.806 0.830 0.850 
   1   (0.172) 0.163 0.194 0.170 0.150 

Locus 9 : 
2 alleles
18.0% missing data
   0   (0.956) 0.976 0.965 0.978 0.951 
   1   (0.044) 0.024 0.035 0.022 0.049 

Locus 10 : 
2 alleles
8.4% missing data
   0   (0.253) 0.209 0.240 0.319 0.264 
   1   (0.747) 0.791 0.760 0.681 0.736 

Locus 11 : 
2 alleles
15.2% missing data
   0   (0.861) 0.859 0.865 0.853 0.875 
   1   (0.139) 0.141 0.135 0.147 0.125 

Locus 12 : 
2 alleles
18.0% missing data
   0   (0.925) 0.943 0.942 0.928 0.924 
   1   (0.075) 0.057 0.058 0.072 0.076 

Locus 13 : 
2 alleles
28.1% missing data
   1   (0.946) 0.963 0.965 0.930 0.946 
   0   (0.054) 0.037 0.035 0.070 0.054 

Locus 14 : 
2 alleles
22.5% missing data
   0   (0.829) 0.846 0.844 0.684 0.850 
   1   (0.171) 0.154 0.156 0.316 0.150 

Locus 15 : 
2 alleles
23.0% missing data
   0   (0.828) 0.846 0.841 0.684 0.849 
   1   (0.172) 0.154 0.159 0.316 0.151 

Locus 16 : 
2 alleles
20.8% missing data
   0   (0.851) 0.864 0.859 0.938 0.833 
   1   (0.149) 0.136 0.141 0.062 0.167 

Locus 17 : 
2 alleles
11.8% missing data
   1   (0.715) 0.675 0.698 0.792 0.741 
   0   (0.285) 0.325 0.302 0.208 0.259 

Locus 18 : 
2 alleles
46.1% missing data
   0   (0.913) 0.932 0.909 0.955 0.910 
   1   (0.087) 0.068 0.091 0.045 0.090 

Locus 19 : 
2 alleles
46.6% missing data
   0   (0.888) 0.875 0.901 0.910 0.901 
   1   (0.112) 0.125 0.099 0.090 0.099 

Locus 20 : 
2 alleles
2.8% missing data
   0   (0.912) 0.930 0.932 0.867 0.918 
   1   (0.088) 0.070 0.068 0.133 0.082 

Locus 21 : 
2 alleles
6.7% missing data
   1   (0.858) 0.880 0.851 0.884 0.864 
   0   (0.142) 0.120 0.149 0.116 0.136 

Locus 22 : 
2 alleles
9.0% missing data
   1   (0.896) 0.913 0.912 0.762 0.913 
   0   (0.104) 0.087 0.088 0.238 0.087 

Locus 23 : 
2 alleles
32.6% missing data
   0   (0.916) 0.929 0.912 0.956 0.925 
   1   (0.084) 0.071 0.088 0.044 0.075 

Locus 24 : 
2 alleles
50.6% missing data
   0   (0.892) 0.885 0.862 0.977 0.900 
   1   (0.108) 0.115 0.138 0.023 0.100 

Locus 25 : 
2 alleles
36.0% missing data
   0   (0.631) 0.632 0.574 0.617 0.672 
   1   (0.369) 0.368 0.426 0.383 0.328 

Locus 26 : 
2 alleles
21.9% missing data
   0   (0.960) 0.972 0.980 0.865 0.965 
   1   (0.040) 0.028 0.020 0.135 0.035 

Locus 27 : 
2 alleles
10.1% missing data
   0   (0.864) 0.802 0.901 0.873 0.877 
   1   (0.136) 0.198 0.099 0.127 0.123 

Locus 28 : 
2 alleles
39.3% missing data
   0   (0.927) 0.940 0.945 0.846 0.936 
   1   (0.073) 0.060 0.055 0.154 0.064 

Locus 29 : 
2 alleles
34.3% missing data
   1   (0.447) 0.500 0.446 0.463 0.423 
   0   (0.553) 0.500 0.554 0.537 0.577 

Locus 30 : 
2 alleles
48.3% missing data
   0   (0.865) 0.883 0.852 0.812 0.889 
   1   (0.135) 0.117 0.148 0.188 0.111 

Locus 31 : 
2 alleles
20.2% missing data
   0   (0.928) 0.946 0.954 0.808 0.929 
   1   (0.072) 0.054 0.046 0.192 0.071 

Locus 32 : 
2 alleles
1.1% missing data
   0   (0.840) 0.847 0.846 0.935 0.823 
   1   (0.160) 0.153 0.154 0.065 0.177 

Locus 33 : 
2 alleles
31.5% missing data
   0   (0.963) 0.979 0.976 0.833 0.974 
   1   (0.037) 0.021 0.024 0.167 0.026 

Locus 34 : 
2 alleles
33.1% missing data
   1   (0.852) 0.870 0.829 0.932 0.853 
   0   (0.148) 0.130 0.171 0.068 0.147 

Locus 35 : 
2 alleles
28.1% missing data
   0   (0.771) 0.794 0.772 0.849 0.753 
   1   (0.229) 0.206 0.228 0.151 0.247 

Locus 36 : 
2 alleles
21.3% missing data
   0   (0.902) 0.930 0.922 0.816 0.902 
   1   (0.098) 0.070 0.078 0.184 0.098 

Locus 37 : 
2 alleles
9.0% missing data
   0   (0.794) 0.830 0.775 0.838 0.792 
   1   (0.206) 0.170 0.225 0.162 0.208 

Locus 38 : 
2 alleles
23.6% missing data
   0   (0.944) 0.958 0.964 0.960 0.938 
   1   (0.056) 0.042 0.036 0.040 0.062 

Locus 39 : 
2 alleles
34.8% missing data
   0   (0.793) 0.829 0.759 0.874 0.783 
   1   (0.207) 0.171 0.241 0.126 0.217 

Locus 40 : 
2 alleles
20.2% missing data
   0   (0.731) 0.731 0.736 0.818 0.722 
   1   (0.269) 0.269 0.264 0.182 0.278 

Locus 41 : 
2 alleles
52.8% missing data
   0   (0.929) 0.919 0.950 0.829 0.945 
   1   (0.071) 0.081 0.050 0.171 0.055 

Locus 42 : 
2 alleles
22.5% missing data
   0   (0.897) 0.900 0.895 0.948 0.908 
   1   (0.103) 0.100 0.105 0.052 0.092 

Locus 43 : 
2 alleles
22.5% missing data
   0   (0.845) 0.863 0.844 0.792 0.859 
   1   (0.155) 0.137 0.156 0.208 0.141 

Locus 44 : 
2 alleles
18.0% missing data
   0   (0.945) 0.968 0.968 0.921 0.932 
   1   (0.055) 0.032 0.032 0.079 0.068 

Locus 45 : 
2 alleles
52.2% missing data
   0   (0.768) 0.790 0.756 0.864 0.755 
   1   (0.232) 0.210 0.244 0.136 0.245 

Locus 46 : 
2 alleles
25.3% missing data
   0   (0.942) 0.972 0.957 0.844 0.944 
   1   (0.058) 0.028 0.043 0.156 0.056 

Locus 47 : 
2 alleles
18.5% missing data
   0   (0.923) 0.932 0.924 0.859 0.943 
   1   (0.077) 0.068 0.076 0.141 0.057 

Locus 48 : 
2 alleles
57.3% missing data
   0   (0.973) 0.983 0.982 0.964 0.979 
   1   (0.027) 0.017 0.018 0.036 0.021 

Locus 49 : 
2 alleles
51.7% missing data
   0   (0.874) 0.890 0.887 0.853 0.878 
   1   (0.126) 0.110 0.113 0.147 0.122 

Locus 50 : 
2 alleles
11.2% missing data
   0   (0.709) 0.783 0.741 0.529 0.681 
   1   (0.291) 0.217 0.259 0.471 0.319 

Locus 51 : 
2 alleles
18.0% missing data
   0   (0.660) 0.654 0.662 0.542 0.693 
   1   (0.340) 0.346 0.338 0.458 0.307 

Locus 52 : 
2 alleles
33.7% missing data
   0   (0.689) 0.718 0.702 0.774 0.656 
   1   (0.311) 0.282 0.298 0.226 0.344 

Locus 53 : 
2 alleles
8.4% missing data
   0   (0.198) 0.187 0.170 0.237 0.200 
   1   (0.802) 0.813 0.830 0.763 0.800 

Locus 54 : 
2 alleles
22.5% missing data
   0   (0.926) 0.946 0.932 0.927 0.932 
   1   (0.074) 0.054 0.068 0.073 0.068 

Locus 55 : 
2 alleles
19.1% missing data
   0   (0.726) 0.741 0.692 0.838 0.729 
   1   (0.274) 0.259 0.308 0.162 0.271 

Locus 56 : 
2 alleles
10.1% missing data
   0   (0.877) 0.853 0.881 0.923 0.892 
   1   (0.123) 0.147 0.119 0.077 0.108 

Locus 57 : 
2 alleles
13.5% missing data
   0   (0.523) 0.534 0.537 0.503 0.513 
   1   (0.477) 0.466 0.463 0.497 0.487 

Locus 58 : 
2 alleles
33.1% missing data
   0   (0.613) 0.613 0.614 0.702 0.603 
   1   (0.387) 0.387 0.386 0.298 0.397 

Locus 59 : 
2 alleles
32.6% missing data
   0   (0.302) 0.232 0.270 0.851 0.262 
   1   (0.698) 0.768 0.730 0.149 0.738 

Locus 60 : 
2 alleles
44.4% missing data
   1   (0.664) 0.610 0.680 0.774 0.664 
   0   (0.336) 0.390 0.320 0.226 0.336 

Locus 61 : 
2 alleles
16.9% missing data
   0   (0.851) 0.860 0.883 0.779 0.854 
   1   (0.149) 0.140 0.117 0.221 0.146 

Locus 62 : 
2 alleles
7.9% missing data
   0   (0.919) 0.931 0.935 0.910 0.926 
   1   (0.081) 0.069 0.065 0.090 0.074 

Locus 63 : 
2 alleles
36.5% missing data
   0   (0.927) 0.937 0.937 0.883 0.941 
   1   (0.073) 0.063 0.063 0.117 0.059 

Locus 64 : 
2 alleles
9.0% missing data
   0   (0.687) 0.730 0.640 0.847 0.666 
   1   (0.313) 0.270 0.360 0.153 0.334 

Locus 65 : 
2 alleles
38.8% missing data
   1   (0.145) 0.143 0.123 0.181 0.135 
   0   (0.855) 0.857 0.877 0.819 0.865 

Locus 66 : 
2 alleles
18.0% missing data
   0   (0.942) 0.965 0.956 0.891 0.946 
   1   (0.058) 0.035 0.044 0.109 0.054 

Locus 67 : 
2 alleles
23.0% missing data
   0   (0.850) 0.817 0.889 0.900 0.846 
   1   (0.150) 0.183 0.111 0.100 0.154 

Locus 68 : 
2 alleles
48.9% missing data
   0   (0.941) 0.949 0.953 0.944 0.950 
   1   (0.059) 0.051 0.047 0.056 0.050 

Locus 69 : 
2 alleles
23.0% missing data
   1   (0.846) 0.837 0.865 0.783 0.866 
   0   (0.154) 0.163 0.135 0.217 0.134 

Locus 70 : 
2 alleles
42.7% missing data
   0   (0.807) 0.830 0.807 0.763 0.817 
   1   (0.193) 0.170 0.193 0.237 0.183 

Locus 71 : 
2 alleles
12.4% missing data
   0   (0.955) 0.973 0.959 0.889 0.967 
   1   (0.045) 0.027 0.041 0.111 0.033 

Locus 72 : 
2 alleles
19.1% missing data
   0   (0.957) 0.977 0.958 0.957 0.965 
   1   (0.043) 0.023 0.042 0.043 0.035 

Locus 73 : 
2 alleles
8.4% missing data
   0   (0.929) 0.950 0.948 0.906 0.927 
   1   (0.071) 0.050 0.052 0.094 0.073 

Locus 74 : 
2 alleles
37.1% missing data
   0   (0.866) 0.864 0.847 0.930 0.879 
   1   (0.134) 0.136 0.153 0.070 0.121 

Locus 75 : 
2 alleles
61.8% missing data
   0   (0.916) 0.931 0.929 0.959 0.906 
   1   (0.084) 0.069 0.071 0.041 0.094 

Locus 76 : 
2 alleles
45.5% missing data
   0   (0.888) 0.897 0.872 0.953 0.894 
   1   (0.112) 0.103 0.128 0.047 0.106 

Locus 77 : 
2 alleles
56.2% missing data
   1   (0.834) 0.846 0.830 0.854 0.842 
   0   (0.166) 0.154 0.170 0.146 0.158 

Locus 78 : 
2 alleles
10.7% missing data
   1   (0.328) 0.400 0.319 0.331 0.289 
   0   (0.672) 0.600 0.681 0.669 0.711 

Locus 79 : 
2 alleles
6.7% missing data
   0   (0.925) 0.928 0.944 0.861 0.939 
   1   (0.075) 0.072 0.056 0.139 0.061 

Locus 80 : 
2 alleles
2.8% missing data
   0   (0.829) 0.807 0.823 0.819 0.856 
   1   (0.171) 0.193 0.177 0.181 0.144 

Locus 81 : 
2 alleles
42.1% missing data
   0   (0.318) 0.249 0.313 0.476 0.327 
   1   (0.682) 0.751 0.687 0.524 0.673 

Locus 82 : 
2 alleles
11.8% missing data
   0   (0.918) 0.944 0.901 0.927 0.930 
   1   (0.082) 0.056 0.099 0.073 0.070 

Locus 83 : 
2 alleles
3.4% missing data
   0   (0.511) 0.527 0.487 0.645 0.486 
   1   (0.489) 0.473 0.513 0.355 0.514 

Locus 84 : 
2 alleles
35.4% missing data
   0   (0.894) 0.932 0.904 0.889 0.884 
   1   (0.106) 0.068 0.096 0.111 0.116 

Locus 85 : 
2 alleles
51.7% missing data
   0   (0.795) 0.804 0.820 0.762 0.792 
   1   (0.205) 0.196 0.180 0.238 0.208 

Locus 86 : 
2 alleles
29.2% missing data
   0   (0.915) 0.913 0.950 0.925 0.906 
   1   (0.085) 0.087 0.050 0.075 0.094 

Locus 87 : 
2 alleles
16.3% missing data
   0   (0.885) 0.922 0.881 0.859 0.888 
   1   (0.115) 0.078 0.119 0.141 0.112 

Locus 88 : 
2 alleles
53.4% missing data
   0   (0.391) 0.352 0.285 0.875 0.370 
   1   (0.609) 0.648 0.715 0.125 0.630 

Locus 89 : 
2 alleles
26.4% missing data
   0   (0.933) 0.955 0.936 0.963 0.932 
   1   (0.067) 0.045 0.064 0.037 0.068 

Locus 90 : 
2 alleles
15.7% missing data
   0   (0.908) 0.934 0.886 0.905 0.926 
   1   (0.092) 0.066 0.114 0.095 0.074 

Locus 91 : 
2 alleles
24.2% missing data
   0   (0.893) 0.925 0.906 0.923 0.881 
   1   (0.107) 0.075 0.094 0.077 0.119 

Locus 92 : 
2 alleles
18.5% missing data
   0   (0.883) 0.890 0.901 0.867 0.886 
   1   (0.117) 0.110 0.099 0.133 0.114 

Locus 93 : 
2 alleles
36.0% missing data
   1   (0.664) 0.664 0.684 0.808 0.624 
   0   (0.336) 0.336 0.316 0.192 0.376 

Locus 94 : 
2 alleles
29.8% missing data
   0   (0.549) 0.551 0.529 0.612 0.545 
   1   (0.451) 0.449 0.471 0.388 0.455 

Locus 95 : 
2 alleles
15.7% missing data
   1   (0.808) 0.812 0.788 0.841 0.823 
   0   (0.192) 0.188 0.212 0.159 0.177 

Locus 96 : 
2 alleles
28.7% missing data
   0   (0.528) 0.561 0.489 0.466 0.548 
   1   (0.472) 0.439 0.511 0.534 0.452 

Locus 97 : 
2 alleles
50.6% missing data
   0   (0.856) 0.875 0.847 0.863 0.869 
   1   (0.144) 0.125 0.153 0.137 0.131 

Locus 98 : 
2 alleles
16.9% missing data
   0   (0.833) 0.880 0.839 0.726 0.833 
   1   (0.167) 0.120 0.161 0.274 0.167 

Locus 99 : 
2 alleles
0.0% missing data
   0   (0.896) 0.938 0.894 0.861 0.897 
   1   (0.104) 0.062 0.106 0.139 0.103 

Locus 100 : 
2 alleles
7.9% missing data
   0   (0.460) 0.440 0.428 0.661 0.449 
   1   (0.540) 0.560 0.572 0.339 0.551 

Locus 101 : 
2 alleles
13.5% missing data
   1   (0.683) 0.716 0.641 0.722 0.695 
   0   (0.317) 0.284 0.359 0.278 0.305 

Locus 102 : 
2 alleles
20.8% missing data
   1   (0.682) 0.681 0.645 0.730 0.707 
   0   (0.318) 0.319 0.355 0.270 0.293 

Locus 103 : 
2 alleles
2.2% missing data
   0   (0.945) 0.969 0.968 0.913 0.935 
   1   (0.055) 0.031 0.032 0.087 0.065 

Locus 104 : 
2 alleles
33.7% missing data
   1   (0.763) 0.732 0.775 0.742 0.782 
   0   (0.237) 0.268 0.225 0.258 0.218 

Locus 105 : 
2 alleles
37.1% missing data
   0   (0.673) 0.587 0.720 0.629 0.695 
   1   (0.327) 0.413 0.280 0.371 0.305 

Locus 106 : 
2 alleles
13.5% missing data
   0   (0.872) 0.911 0.887 0.761 0.875 
   1   (0.128) 0.089 0.113 0.239 0.125 

Locus 107 : 
2 alleles
38.8% missing data
   0   (0.792) 0.803 0.781 0.740 0.812 
   1   (0.208) 0.197 0.219 0.260 0.188 

Locus 108 : 
2 alleles
11.8% missing data
   0   (0.877) 0.921 0.893 0.936 0.834 
   1   (0.123) 0.079 0.107 0.064 0.166 

Locus 109 : 
2 alleles
25.3% missing data
   0   (0.888) 0.921 0.905 0.840 0.887 
   1   (0.112) 0.079 0.095 0.160 0.113 

Locus 110 : 
2 alleles
12.4% missing data
   1   (0.605) 0.615 0.597 0.664 0.596 
   0   (0.395) 0.385 0.403 0.336 0.404 

Locus 111 : 
2 alleles
32.6% missing data
   0   (0.781) 0.802 0.808 0.704 0.779 
   1   (0.219) 0.198 0.192 0.296 0.221 

Locus 112 : 
2 alleles
53.4% missing data
   0   (0.868) 0.874 0.884 0.930 0.860 
   1   (0.132) 0.126 0.116 0.070 0.140 

Locus 113 : 
2 alleles
16.9% missing data
   1   (0.883) 0.896 0.892 0.888 0.888 
   0   (0.117) 0.104 0.108 0.112 0.112 

Locus 114 : 
2 alleles
5.6% missing data
   0   (0.917) 0.874 0.951 0.870 0.933 
   1   (0.083) 0.126 0.049 0.130 0.067 

Locus 115 : 
2 alleles
25.8% missing data
   0   (0.811) 0.843 0.861 0.721 0.784 
   1   (0.189) 0.157 0.139 0.279 0.216 

Locus 116 : 
2 alleles
24.7% missing data
   0   (0.758) 0.741 0.763 0.831 0.755 
   1   (0.242) 0.259 0.237 0.169 0.245 

Locus 117 : 
2 alleles
13.5% missing data
   0   (0.816) 0.799 0.811 0.868 0.827 
   1   (0.184) 0.201 0.189 0.132 0.173 

Locus 118 : 
2 alleles
5.6% missing data
   0   (0.578) 0.510 0.541 0.906 0.558 
   1   (0.422) 0.490 0.459 0.094 0.442 

Locus 119 : 
2 alleles
15.2% missing data
   0   (0.794) 0.796 0.787 0.922 0.775 
   1   (0.206) 0.204 0.213 0.078 0.225 

Locus 120 : 
2 alleles
23.0% missing data
   0   (0.892) 0.931 0.894 0.894 0.883 
   1   (0.108) 0.069 0.106 0.106 0.117 

Locus 121 : 
2 alleles
25.3% missing data
   0   (0.877) 0.885 0.904 0.890 0.867 
   1   (0.123) 0.115 0.096 0.110 0.133 

Locus 122 : 
2 alleles
12.9% missing data
   0   (0.811) 0.788 0.837 0.874 0.809 
   1   (0.189) 0.212 0.163 0.126 0.191 

Locus 123 : 
2 alleles
20.2% missing data
   1   (0.896) 0.933 0.902 0.810 0.891 
   0   (0.104) 0.067 0.098 0.190 0.109 

Locus 124 : 
2 alleles
43.8% missing data
   0   (0.604) 0.627 0.610 0.592 0.596 
   1   (0.396) 0.373 0.390 0.408 0.404 

Locus 125 : 
2 alleles
2.8% missing data
   0   (0.932) 0.956 0.948 0.944 0.929 
   1   (0.068) 0.044 0.052 0.056 0.071 

Locus 126 : 
2 alleles
15.2% missing data
   0   (0.883) 0.829 0.912 0.938 0.888 
   1   (0.117) 0.171 0.088 0.062 0.112 

Locus 127 : 
2 alleles
16.9% missing data
   0   (0.662) 0.695 0.658 0.618 0.666 
   1   (0.338) 0.305 0.342 0.382 0.334 

Locus 128 : 
2 alleles
63.5% missing data
   0   (0.714) 0.660 0.749 0.751 0.722 
   1   (0.286) 0.340 0.251 0.249 0.278 

Locus 129 : 
2 alleles
32.6% missing data
   0   (0.744) 0.754 0.783 0.629 0.739 
   1   (0.256) 0.246 0.217 0.371 0.261 

Locus 130 : 
2 alleles
30.9% missing data
   0   (0.862) 0.875 0.881 0.841 0.868 
   1   (0.138) 0.125 0.119 0.159 0.132 

Locus 131 : 
2 alleles
31.5% missing data
   0   (0.932) 0.955 0.941 0.929 0.934 
   1   (0.068) 0.045 0.059 0.071 0.066 

Locus 132 : 
2 alleles
9.0% missing data
   0   (0.793) 0.779 0.804 0.825 0.801 
   1   (0.207) 0.221 0.196 0.175 0.199 

Locus 133 : 
2 alleles
19.1% missing data
   1   (0.425) 0.460 0.370 0.488 0.423 
   0   (0.575) 0.540 0.630 0.512 0.577 

Locus 134 : 
2 alleles
45.5% missing data
   0   (0.814) 0.799 0.795 0.933 0.814 
   1   (0.186) 0.201 0.205 0.067 0.186 

Locus 135 : 
2 alleles
19.7% missing data
   0   (0.731) 0.703 0.735 0.747 0.747 
   1   (0.269) 0.297 0.265 0.253 0.253 

Locus 136 : 
2 alleles
2.8% missing data
   0   (0.898) 0.915 0.919 0.840 0.901 
   1   (0.102) 0.085 0.081 0.160 0.099 

Locus 137 : 
2 alleles
1.1% missing data
   1   (0.615) 0.616 0.556 0.742 0.633 
   0   (0.385) 0.384 0.444 0.258 0.367 

Locus 138 : 
2 alleles
49.4% missing data
   0   (0.850) 0.785 0.869 0.933 0.859 
   1   (0.150) 0.215 0.131 0.067 0.141 

Locus 139 : 
2 alleles
18.5% missing data
   0   (0.928) 0.944 0.915 0.911 0.948 
   1   (0.072) 0.056 0.085 0.089 0.052 

Locus 140 : 
2 alleles
16.3% missing data
   0   (0.938) 0.950 0.945 0.871 0.953 
   1   (0.062) 0.050 0.055 0.129 0.047 

Locus 141 : 
2 alleles
19.1% missing data
   0   (0.693) 0.667 0.742 0.714 0.675 
   1   (0.307) 0.333 0.258 0.286 0.325 

Locus 142 : 
2 alleles
16.3% missing data
   0   (0.431) 0.430 0.422 0.452 0.428 
   1   (0.569) 0.570 0.578 0.548 0.572 

Locus 143 : 
2 alleles
29.2% missing data
   0   (0.780) 0.798 0.754 0.790 0.797 
   1   (0.220) 0.202 0.246 0.210 0.203 

Locus 144 : 
2 alleles
6.7% missing data
   0   (0.904) 0.939 0.866 0.922 0.913 
   1   (0.096) 0.061 0.134 0.078 0.087 

Locus 145 : 
2 alleles
3.4% missing data
   0   (0.920) 0.950 0.918 0.892 0.927 
   1   (0.080) 0.050 0.082 0.108 0.073 

Locus 146 : 
2 alleles
17.4% missing data
   1   (0.692) 0.728 0.749 0.692 0.644 
   0   (0.308) 0.272 0.251 0.308 0.356 

Locus 147 : 
2 alleles
9.6% missing data
   0   (0.769) 0.823 0.754 0.608 0.785 
   1   (0.231) 0.177 0.246 0.392 0.215 

Locus 148 : 
2 alleles
11.8% missing data
   0   (0.895) 0.927 0.901 0.847 0.898 
   1   (0.105) 0.073 0.099 0.153 0.102 

Locus 149 : 
2 alleles
6.7% missing data
   0   (0.441) 0.456 0.422 0.510 0.433 
   1   (0.559) 0.544 0.578 0.490 0.567 

Locus 150 : 
2 alleles
44.9% missing data
   0   (0.821) 0.804 0.789 0.929 0.835 
   1   (0.179) 0.196 0.211 0.071 0.165 

Locus 151 : 
2 alleles
44.9% missing data
   1   (0.580) 0.606 0.548 0.745 0.554 
   0   (0.420) 0.394 0.452 0.255 0.446 

Locus 152 : 
2 alleles
22.5% missing data
   0   (0.858) 0.857 0.876 0.872 0.860 
   1   (0.142) 0.143 0.124 0.128 0.140 

Locus 153 : 
2 alleles
23.6% missing data
   0   (0.891) 0.898 0.886 0.918 0.899 
   1   (0.109) 0.102 0.114 0.082 0.101 

Locus 154 : 
2 alleles
6.7% missing data
   0   (0.961) 0.985 0.966 0.890 0.967 
   1   (0.039) 0.015 0.034 0.110 0.033 

Locus 155 : 
2 alleles
6.2% missing data
   0   (0.823) 0.842 0.863 0.839 0.797 
   1   (0.177) 0.158 0.137 0.161 0.203 

Locus 156 : 
2 alleles
22.5% missing data
   0   (0.919) 0.927 0.918 0.974 0.921 
   1   (0.081) 0.073 0.082 0.026 0.079 

Locus 157 : 
2 alleles
47.2% missing data
   1   (0.876) 0.864 0.899 0.897 0.882 
   0   (0.124) 0.136 0.101 0.103 0.118 

Locus 158 : 
2 alleles
34.3% missing data
   0   (0.757) 0.763 0.746 0.866 0.746 
   1   (0.243) 0.237 0.254 0.134 0.254 

Locus 159 : 
2 alleles
11.8% missing data
   1   (0.108) 0.080 0.098 0.131 0.111 
   0   (0.892) 0.920 0.902 0.869 0.889 

Locus 160 : 
2 alleles
26.4% missing data
   0   (0.937) 0.940 0.941 0.948 0.951 
   1   (0.063) 0.060 0.059 0.052 0.049 

Locus 161 : 
2 alleles
16.9% missing data
   0   (0.846) 0.877 0.861 0.722 0.854 
   1   (0.154) 0.123 0.139 0.278 0.146 

Locus 162 : 
2 alleles
18.0% missing data
   1   (0.956) 0.972 0.971 0.931 0.961 
   0   (0.044) 0.028 0.029 0.069 0.039 

Locus 163 : 
2 alleles
46.6% missing data
   1   (0.752) 0.729 0.779 0.753 0.756 
   0   (0.248) 0.271 0.221 0.247 0.244 

Locus 164 : 
2 alleles
27.0% missing data
   0   (0.900) 0.887 0.925 0.857 0.914 
   1   (0.100) 0.113 0.075 0.143 0.086 

Locus 165 : 
2 alleles
24.2% missing data
   0   (0.909) 0.949 0.887 0.881 0.916 
   1   (0.091) 0.051 0.113 0.119 0.084 

Locus 166 : 
2 alleles
46.1% missing data
   1   (0.706) 0.718 0.700 0.773 0.696 
   0   (0.294) 0.282 0.300 0.227 0.304 

Locus 167 : 
2 alleles
38.8% missing data
   0   (0.885) 0.901 0.893 0.944 0.877 
   1   (0.115) 0.099 0.107 0.056 0.123 

Locus 168 : 
2 alleles
15.2% missing data
   0   (0.820) 0.833 0.824 0.850 0.818 
   1   (0.180) 0.167 0.176 0.150 0.182 

Locus 169 : 
2 alleles
3.4% missing data
   1   (0.590) 0.603 0.593 0.685 0.572 
   0   (0.410) 0.397 0.407 0.315 0.428 

Locus 170 : 
2 alleles
43.8% missing data
   0   (0.845) 0.834 0.860 0.895 0.845 
   1   (0.155) 0.166 0.140 0.105 0.155 

Locus 171 : 
2 alleles
11.2% missing data
   0   (0.918) 0.941 0.939 0.904 0.911 
   1   (0.082) 0.059 0.061 0.096 0.089 

Locus 172 : 
2 alleles
29.2% missing data
   0   (0.830) 0.833 0.760 0.921 0.855 
   1   (0.170) 0.167 0.240 0.079 0.145 

Locus 173 : 
2 alleles
16.9% missing data
   0   (0.899) 0.897 0.889 0.939 0.915 
   1   (0.101) 0.103 0.111 0.061 0.085 

Locus 174 : 
2 alleles
16.3% missing data
   0   (0.873) 0.915 0.865 0.929 0.852 
   1   (0.127) 0.085 0.135 0.071 0.148 

Locus 175 : 
2 alleles
10.1% missing data
   0   (0.878) 0.920 0.884 0.935 0.853 
   1   (0.122) 0.080 0.116 0.065 0.147 

Locus 176 : 
2 alleles
10.7% missing data
   0   (0.778) 0.709 0.831 0.791 0.780 
   1   (0.222) 0.291 0.169 0.209 0.220 

Locus 177 : 
2 alleles
28.7% missing data
   0   (0.617) 0.646 0.608 0.690 0.604 
   1   (0.383) 0.354 0.392 0.310 0.396 

Locus 178 : 
2 alleles
18.5% missing data
   1   (0.856) 0.840 0.884 0.940 0.838 
   0   (0.144) 0.160 0.116 0.060 0.162 

Locus 179 : 
2 alleles
12.9% missing data
   0   (0.835) 0.834 0.854 0.785 0.846 
   1   (0.165) 0.166 0.146 0.215 0.154 

Locus 180 : 
2 alleles
7.9% missing data
   1   (0.954) 0.958 0.975 0.947 0.958 
   0   (0.046) 0.042 0.025 0.053 0.042 

Locus 181 : 
2 alleles
2.2% missing data
   0   (0.409) 0.431 0.402 0.516 0.384 
   1   (0.591) 0.569 0.598 0.484 0.616 

Locus 182 : 
2 alleles
26.4% missing data
   0   (0.623) 0.660 0.597 0.608 0.627 
   1   (0.377) 0.340 0.403 0.392 0.373 

Locus 183 : 
2 alleles
28.7% missing data
   1   (0.839) 0.824 0.884 0.645 0.858 
   0   (0.161) 0.176 0.116 0.355 0.142 

Locus 184 : 
2 alleles
48.3% missing data
   0   (0.900) 0.917 0.911 0.872 0.909 
   1   (0.100) 0.083 0.089 0.128 0.091 

Locus 185 : 
2 alleles
10.1% missing data
   0   (0.951) 0.953 0.969 0.934 0.961 
   1   (0.049) 0.047 0.031 0.066 0.039 

Locus 186 : 
2 alleles
1.7% missing data
   0   (0.912) 0.934 0.880 0.954 0.924 
   1   (0.088) 0.066 0.120 0.046 0.076 

Locus 187 : 
2 alleles
21.9% missing data
   0   (0.902) 0.935 0.836 0.960 0.914 
   1   (0.098) 0.065 0.164 0.040 0.086 

Locus 188 : 
2 alleles
18.5% missing data
   1   (0.943) 0.952 0.952 0.985 0.934 
   0   (0.057) 0.048 0.048 0.015 0.066 

Locus 189 : 
2 alleles
47.8% missing data
   1   (0.720) 0.742 0.698 0.623 0.743 
   0   (0.280) 0.258 0.302 0.377 0.257 

Locus 190 : 
2 alleles
52.8% missing data
   1   (0.269) 0.241 0.274 0.230 0.275 
   0   (0.731) 0.759 0.726 0.770 0.725 

Locus 191 : 
2 alleles
16.9% missing data
   0   (0.949) 0.975 0.943 0.908 0.960 
   1   (0.051) 0.025 0.057 0.092 0.040 

Locus 192 : 
2 alleles
16.9% missing data
   0   (0.902) 0.893 0.925 0.854 0.914 
   1   (0.098) 0.107 0.075 0.146 0.086 

Locus 193 : 
2 alleles
18.5% missing data
   0   (0.885) 0.871 0.902 0.948 0.882 
   1   (0.115) 0.129 0.098 0.052 0.118 

Locus 194 : 
2 alleles
3.4% missing data
   1   (0.866) 0.901 0.858 0.917 0.854 
   0   (0.134) 0.099 0.142 0.083 0.146 

Locus 195 : 
2 alleles
6.2% missing data
   0   (0.948) 0.961 0.946 0.936 0.965 
   1   (0.052) 0.039 0.054 0.064 0.035 

Locus 196 : 
2 alleles
5.6% missing data
   0   (0.962) 0.986 0.973 0.870 0.968 
   1   (0.038) 0.014 0.027 0.130 0.032 

Locus 197 : 
2 alleles
39.9% missing data
   0   (0.687) 0.690 0.667 0.801 0.684 
   1   (0.313) 0.310 0.333 0.199 0.316 

Locus 198 : 
2 alleles
14.6% missing data
   0   (0.934) 0.956 0.958 0.842 0.934 
   1   (0.066) 0.044 0.042 0.158 0.066 

Locus 199 : 
2 alleles
27.5% missing data
   0   (0.925) 0.936 0.940 0.962 0.920 
   1   (0.075) 0.064 0.060 0.038 0.080 

Locus 200 : 
2 alleles
5.6% missing data
   0   (0.913) 0.937 0.912 0.882 0.925 
   1   (0.087) 0.063 0.088 0.118 0.075 

Locus 201 : 
2 alleles
1.7% missing data
   0   (0.781) 0.761 0.826 0.779 0.772 
   1   (0.219) 0.239 0.174 0.221 0.228 

Locus 202 : 
2 alleles
14.6% missing data
   0   (0.868) 0.855 0.906 0.844 0.868 
   1   (0.132) 0.145 0.094 0.156 0.132 

Locus 203 : 
2 alleles
16.9% missing data
   0   (0.888) 0.912 0.837 0.944 0.902 
   1   (0.112) 0.088 0.163 0.056 0.098 

Locus 204 : 
2 alleles
25.3% missing data
   0   (0.843) 0.848 0.801 0.904 0.867 
   1   (0.157) 0.152 0.199 0.096 0.133 

Locus 205 : 
2 alleles
29.2% missing data
   0   (0.901) 0.858 0.925 0.969 0.900 
   1   (0.099) 0.142 0.075 0.031 0.100 

Locus 206 : 
2 alleles
50.6% missing data
   0   (0.910) 0.934 0.886 0.934 0.921 
   1   (0.090) 0.066 0.114 0.066 0.079 

Locus 207 : 
2 alleles
6.7% missing data
   0   (0.764) 0.785 0.696 0.937 0.749 
   1   (0.236) 0.215 0.304 0.063 0.251 

Locus 208 : 
2 alleles
6.7% missing data
   0   (0.880) 0.901 0.896 0.825 0.886 
   1   (0.120) 0.099 0.104 0.175 0.114 

Locus 209 : 
2 alleles
30.9% missing data
   0   (0.463) 0.454 0.441 0.482 0.472 
   1   (0.537) 0.546 0.559 0.518 0.528 

Locus 210 : 
2 alleles
33.7% missing data
   0   (0.955) 0.962 0.968 0.993 0.942 
   1   (0.045) 0.038 0.032 0.007 0.058 

Locus 211 : 
2 alleles
32.6% missing data
   0   (0.845) 0.802 0.861 0.911 0.857 
   1   (0.155) 0.198 0.139 0.089 0.143 

Locus 212 : 
2 alleles
21.3% missing data
   0   (0.837) 0.825 0.802 0.955 0.845 
   1   (0.163) 0.175 0.198 0.045 0.155 

Locus 213 : 
2 alleles
13.5% missing data
   0   (0.955) 0.979 0.968 0.882 0.956 
   1   (0.045) 0.021 0.032 0.118 0.044 

Locus 214 : 
2 alleles
19.7% missing data
   0   (0.859) 0.862 0.848 0.930 0.867 
   1   (0.141) 0.138 0.152 0.070 0.133 

Locus 215 : 
2 alleles
12.4% missing data
   1   (0.838) 0.865 0.872 0.611 0.850 
   0   (0.162) 0.135 0.128 0.389 0.150 

Locus 216 : 
2 alleles
32.0% missing data
   0   (0.917) 0.952 0.941 0.695 0.921 
   1   (0.083) 0.048 0.059 0.305 0.079 

Locus 217 : 
2 alleles
50.6% missing data
   0   (0.934) 0.964 0.955 0.929 0.913 
   1   (0.066) 0.036 0.045 0.071 0.087 

Locus 218 : 
2 alleles
54.5% missing data
   0   (0.843) 0.865 0.875 0.775 0.831 
   1   (0.157) 0.135 0.125 0.225 0.169 

Locus 219 : 
2 alleles
50.0% missing data
   0   (0.398) 0.376 0.400 0.382 0.406 
   1   (0.602) 0.624 0.600 0.618 0.594 

Locus 220 : 
2 alleles
46.6% missing data
   0   (0.809) 0.857 0.784 0.762 0.816 
   1   (0.191) 0.143 0.216 0.238 0.184 

Locus 221 : 
2 alleles
27.0% missing data
   0   (0.698) 0.711 0.686 0.603 0.719 
   1   (0.302) 0.289 0.314 0.397 0.281 

Locus 222 : 
2 alleles
54.5% missing data
   0   (0.866) 0.887 0.843 0.949 0.864 
   1   (0.134) 0.113 0.157 0.051 0.136 

Locus 223 : 
2 alleles
10.1% missing data
   0   (0.891) 0.920 0.880 0.923 0.896 
   1   (0.109) 0.080 0.120 0.077 0.104 

Locus 224 : 
2 alleles
20.8% missing data
   0   (0.292) 0.265 0.286 0.156 0.333 
   1   (0.708) 0.735 0.714 0.844 0.667 

Locus 225 : 
2 alleles
8.4% missing data
   0   (0.939) 0.953 0.958 0.885 0.946 
   1   (0.061) 0.047 0.042 0.115 0.054 

Locus 226 : 
2 alleles
15.2% missing data
   0   (0.908) 0.930 0.933 0.911 0.895 
   1   (0.092) 0.070 0.067 0.089 0.105 

Locus 227 : 
2 alleles
39.9% missing data
   0   (0.455) 0.459 0.432 0.477 0.463 
   1   (0.545) 0.541 0.568 0.523 0.537 

Locus 228 : 
2 alleles
14.0% missing data
   0   (0.809) 0.819 0.804 0.942 0.785 
   1   (0.191) 0.181 0.196 0.058 0.215 

Locus 229 : 
2 alleles
20.2% missing data
   0   (0.934) 0.932 0.965 0.738 0.945 
   1   (0.066) 0.068 0.035 0.262 0.055 

Locus 230 : 
2 alleles
75.8% missing data
   0   (0.794) 0.786 0.784 0.869 0.796 
   1   (0.206) 0.214 0.216 0.131 0.204 

Locus 231 : 
2 alleles
16.9% missing data
   1   (0.545) 0.586 0.518 0.576 0.538 
   0   (0.455) 0.414 0.482 0.424 0.462 

Locus 232 : 
2 alleles
18.0% missing data
   0   (0.280) 0.278 0.288 0.274 0.268 
   1   (0.720) 0.722 0.712 0.726 0.732 

Locus 233 : 
2 alleles
59.0% missing data
   0   (0.746) 0.717 0.738 0.918 0.730 
   1   (0.254) 0.283 0.262 0.082 0.270 

Locus 234 : 
2 alleles
23.6% missing data
   0   (0.533) 0.544 0.532 0.514 0.529 
   1   (0.467) 0.456 0.468 0.486 0.471 

Locus 235 : 
2 alleles
14.0% missing data
   0   (0.925) 0.942 0.954 0.974 0.887 
   1   (0.075) 0.058 0.046 0.026 0.113 

Locus 236 : 
2 alleles
22.5% missing data
   0   (0.206) 0.208 0.191 0.122 0.216 
   1   (0.794) 0.792 0.809 0.878 0.784 

Locus 237 : 
2 alleles
35.4% missing data
   0   (0.904) 0.896 0.881 0.967 0.922 
   1   (0.096) 0.104 0.119 0.033 0.078 

Locus 238 : 
2 alleles
20.8% missing data
   1   (0.761) 0.817 0.768 0.657 0.756 
   0   (0.239) 0.183 0.232 0.343 0.244 

Locus 239 : 
2 alleles
37.6% missing data
   0   (0.828) 0.842 0.805 0.953 0.812 
   1   (0.172) 0.158 0.195 0.047 0.188 

Locus 240 : 
2 alleles
47.8% missing data
   1   (0.179) 0.180 0.143 0.232 0.176 
   0   (0.821) 0.820 0.857 0.768 0.824 

Locus 241 : 
2 alleles
37.1% missing data
   0   (0.959) 0.974 0.969 0.922 0.969 
   1   (0.041) 0.026 0.031 0.078 0.031 

Locus 242 : 
2 alleles
2.2% missing data
   0   (0.865) 0.870 0.892 0.853 0.865 
   1   (0.135) 0.130 0.108 0.147 0.135 

Locus 243 : 
2 alleles
39.9% missing data
   0   (0.672) 0.693 0.666 0.587 0.686 
   1   (0.328) 0.307 0.334 0.413 0.314 

Locus 244 : 
2 alleles
32.6% missing data
   0   (0.933) 0.962 0.893 0.988 0.923 
   1   (0.067) 0.038 0.107 0.012 0.077 

Locus 245 : 
2 alleles
27.5% missing data
   0   (0.964) 0.971 0.980 0.936 0.970 
   1   (0.036) 0.029 0.020 0.064 0.030 

Locus 246 : 
2 alleles
62.9% missing data
   0   (0.953) 0.966 0.966 0.957 0.954 
   1   (0.047) 0.034 0.034 0.043 0.046 

Locus 247 : 
2 alleles
55.1% missing data
   0   (0.865) 0.877 0.876 0.910 0.858 
   1   (0.135) 0.123 0.124 0.090 0.142 

Locus 248 : 
2 alleles
13.5% missing data
   0   (0.924) 0.920 0.950 0.959 0.917 
   1   (0.076) 0.080 0.050 0.041 0.083 

Locus 249 : 
2 alleles
39.3% missing data
   0   (0.919) 0.934 0.917 0.976 0.910 
   1   (0.081) 0.066 0.083 0.024 0.090 

Locus 250 : 
2 alleles
19.1% missing data
   0   (0.782) 0.779 0.788 0.765 0.797 
   1   (0.218) 0.221 0.212 0.235 0.203 

Locus 251 : 
2 alleles
56.2% missing data
   0   (0.957) 0.976 0.969 0.777 0.966 
   1   (0.043) 0.024 0.031 0.223 0.034 

Locus 252 : 
2 alleles
57.9% missing data
   0   (0.811) 0.798 0.826 0.895 0.803 
   1   (0.189) 0.202 0.174 0.105 0.197 

Locus 253 : 
2 alleles
44.4% missing data
   0   (0.874) 0.921 0.855 0.791 0.886 
   1   (0.126) 0.079 0.145 0.209 0.114 

Locus 254 : 
2 alleles
8.4% missing data
   0   (0.803) 0.811 0.819 0.808 0.799 
   1   (0.197) 0.189 0.181 0.192 0.201 

Locus 255 : 
2 alleles
19.1% missing data
   0   (0.341) 0.298 0.327 0.380 0.357 
   1   (0.659) 0.702 0.673 0.620 0.643 

Locus 256 : 
2 alleles
2.2% missing data
   1   (0.896) 0.855 0.937 0.849 0.908 
   0   (0.104) 0.145 0.063 0.151 0.092 

Locus 257 : 
2 alleles
34.3% missing data
   0   (0.902) 0.902 0.919 0.895 0.911 
   1   (0.098) 0.098 0.081 0.105 0.089 

Locus 258 : 
2 alleles
33.1% missing data
   0   (0.949) 0.950 0.969 0.915 0.959 
   1   (0.051) 0.050 0.031 0.085 0.041 

Locus 259 : 
2 alleles
5.6% missing data
   0   (0.950) 0.970 0.969 0.973 0.935 
   1   (0.050) 0.030 0.031 0.027 0.065 

Locus 260 : 
2 alleles
46.1% missing data
   0   (0.750) 0.753 0.758 0.756 0.758 
   1   (0.250) 0.247 0.242 0.244 0.242 

Locus 261 : 
2 alleles
60.7% missing data
   0   (0.941) 0.958 0.950 0.946 0.942 
   1   (0.059) 0.042 0.050 0.054 0.058 

Locus 262 : 
2 alleles
51.1% missing data
   0   (0.785) 0.809 0.799 0.883 0.755 
   1   (0.215) 0.191 0.201 0.117 0.245 

Locus 263 : 
2 alleles
18.5% missing data
   0   (0.559) 0.532 0.575 0.542 0.571 
   1   (0.441) 0.468 0.425 0.458 0.429 

Locus 264 : 
2 alleles
53.9% missing data
   0   (0.291) 0.294 0.265 0.285 0.291 
   1   (0.709) 0.706 0.735 0.715 0.709 

Locus 265 : 
2 alleles
21.3% missing data
   0   (0.886) 0.873 0.881 0.907 0.908 
   1   (0.114) 0.127 0.119 0.093 0.092 

Locus 266 : 
2 alleles
19.7% missing data
   0   (0.904) 0.932 0.885 0.788 0.927 
   1   (0.096) 0.068 0.115 0.212 0.073 

Locus 267 : 
2 alleles
6.2% missing data
   1   (0.720) 0.733 0.761 0.683 0.707 
   0   (0.280) 0.267 0.239 0.317 0.293 

Locus 268 : 
2 alleles
9.6% missing data
   0   (0.542) 0.565 0.488 0.645 0.545 
   1   (0.458) 0.435 0.512 0.355 0.455 

Locus 269 : 
2 alleles
49.4% missing data
   0   (0.551) 0.550 0.547 0.461 0.572 
   1   (0.449) 0.450 0.453 0.539 0.428 

Locus 270 : 
2 alleles
10.1% missing data
   0   (0.555) 0.482 0.605 0.537 0.573 
   1   (0.445) 0.518 0.395 0.463 0.427 

Locus 271 : 
2 alleles
16.3% missing data
   0   (0.905) 0.939 0.925 0.904 0.886 
   1   (0.095) 0.061 0.075 0.096 0.114 

Locus 272 : 
2 alleles
24.2% missing data
   0   (0.906) 0.915 0.875 0.953 0.924 
   1   (0.094) 0.085 0.125 0.047 0.076 

Locus 273 : 
2 alleles
59.6% missing data
   0   (0.807) 0.773 0.807 0.928 0.804 
   1   (0.193) 0.227 0.193 0.072 0.196 

Locus 274 : 
2 alleles
16.9% missing data
   0   (0.949) 0.976 0.964 0.977 0.929 
   1   (0.051) 0.024 0.036 0.023 0.071 

Locus 275 : 
2 alleles
62.4% missing data
   0   (0.877) 0.864 0.879 0.952 0.877 
   1   (0.123) 0.136 0.121 0.048 0.123 

Locus 276 : 
2 alleles
10.7% missing data
   0   (0.939) 0.938 0.963 0.907 0.948 
   1   (0.061) 0.062 0.037 0.093 0.052 

Locus 277 : 
2 alleles
9.6% missing data
   0   (0.950) 0.934 0.969 0.892 0.966 
   1   (0.050) 0.066 0.031 0.108 0.034 

Locus 278 : 
2 alleles
46.6% missing data
   0   (0.242) 0.190 0.248 0.349 0.237 
   1   (0.758) 0.810 0.752 0.651 0.763 

Locus 279 : 
2 alleles
37.1% missing data
   0   (0.774) 0.752 0.766 0.910 0.763 
   1   (0.226) 0.248 0.234 0.090 0.237 

Locus 280 : 
2 alleles
9.6% missing data
   0   (0.874) 0.890 0.892 0.872 0.871 
   1   (0.126) 0.110 0.108 0.128 0.129 

Locus 281 : 
2 alleles
6.7% missing data
   0   (0.770) 0.741 0.784 0.772 0.790 
   1   (0.230) 0.259 0.216 0.228 0.210 

Locus 282 : 
2 alleles
19.1% missing data
   0   (0.669) 0.681 0.690 0.774 0.638 
   1   (0.331) 0.319 0.310 0.226 0.362 

Locus 283 : 
2 alleles
9.0% missing data
   0   (0.902) 0.903 0.907 0.949 0.905 
   1   (0.098) 0.097 0.093 0.051 0.095 

Locus 284 : 
2 alleles
7.9% missing data
   0   (0.859) 0.902 0.871 0.890 0.838 
   1   (0.141) 0.098 0.129 0.110 0.162 

Locus 285 : 
2 alleles
5.6% missing data
   0   (0.801) 0.832 0.813 0.776 0.799 
   1   (0.199) 0.168 0.187 0.224 0.201 

Locus 286 : 
2 alleles
29.2% missing data
   0   (0.933) 0.964 0.934 0.916 0.934 
   1   (0.067) 0.036 0.066 0.084 0.066 

Locus 287 : 
2 alleles
9.0% missing data
   0   (0.910) 0.899 0.938 0.909 0.917 
   1   (0.090) 0.101 0.062 0.091 0.083 

Locus 288 : 
2 alleles
8.4% missing data
   1   (0.872) 0.895 0.869 0.820 0.885 
   0   (0.128) 0.105 0.131 0.180 0.115 

Locus 289 : 
2 alleles
24.7% missing data
   0   (0.718) 0.690 0.690 0.831 0.735 
   1   (0.282) 0.310 0.310 0.169 0.265 

Locus 290 : 
2 alleles
32.0% missing data
   0   (0.424) 0.405 0.455 0.396 0.415 
   1   (0.576) 0.595 0.545 0.604 0.585 

Locus 291 : 
2 alleles
47.2% missing data
   0   (0.778) 0.791 0.774 0.840 0.776 
   1   (0.222) 0.209 0.226 0.160 0.224 

Locus 292 : 
2 alleles
21.3% missing data
   0   (0.966) 0.983 0.975 0.935 0.971 
   1   (0.034) 0.017 0.025 0.065 0.029 

Locus 293 : 
2 alleles
33.7% missing data
   0   (0.861) 0.894 0.824 0.968 0.845 
   1   (0.139) 0.106 0.176 0.032 0.155 

Locus 294 : 
2 alleles
57.3% missing data
   1   (0.247) 0.193 0.274 0.678 0.197 
   0   (0.753) 0.807 0.726 0.322 0.803 

Locus 295 : 
2 alleles
20.8% missing data
   0   (0.850) 0.844 0.878 0.857 0.843 
   1   (0.150) 0.156 0.122 0.143 0.157 

Locus 296 : 
2 alleles
26.4% missing data
   0   (0.793) 0.800 0.771 0.936 0.771 
   1   (0.207) 0.200 0.229 0.064 0.229 

Locus 297 : 
2 alleles
9.6% missing data
   0   (0.938) 0.937 0.957 0.946 0.943 
   1   (0.062) 0.063 0.043 0.054 0.057 

Locus 298 : 
2 alleles
34.8% missing data
   0   (0.874) 0.888 0.887 0.759 0.893 
   1   (0.126) 0.112 0.113 0.241 0.107 

Locus 299 : 
2 alleles
7.3% missing data
   1   (0.908) 0.916 0.919 0.823 0.927 
   0   (0.092) 0.084 0.081 0.177 0.073 

Locus 300 : 
2 alleles
28.7% missing data
   0   (0.752) 0.596 0.782 0.707 0.807 
   1   (0.248) 0.404 0.218 0.293 0.193 

Values of parameters used in structure:
DATAFILE=/Users/Amy 1/Desktop/Population_Genetics/Lab/R/Lab_8/Lab8_2/project_data,	OUTFILE=/Users/Amy 1/Desktop/Population_Genetics/Lab/R/Lab_8/Lab8_2/Set_One/Results/Set_One_run_10,	NUMINDS=178,	NUMLOCI=300,	MISSING=-9,	LABEL=1,	POPDATA=1,	POPFLAG=0,	PHENOTYPE=0,	EXTRACOLS=0,	MAXPOPS=4,	BURNIN=5000,	NUMREPS=10000,	USEPOPINFO=0,	INFERALPHA=1,	INFERLAMBDA=0,	POPSPECIFICLAMBDA=0,	POPALPHAS=0,	COMPUTEPROB=1,	NOADMIX=0,	ADMBURNIN=2500,	UPDATEFREQ=1,	PRINTLIKES=0,	INTERMEDSAVE=0,	PRINTKLD=0,	PRINTNET=0,	PRINTLAMBDA=0,	ANCESTDIST=0,	NUMBOXES=1000,	ANCESTPINT=0.90000,	GENSBACK=2,	MIGRPRIOR=0.05000,	PRINTQHAT=0,	PRINTQSUM=0,	ALPHA=1.0000,	FREQSCORR=1,	FPRIORMEAN=0.0100,	FPRIORSD=0.0500,	ONEFST=0,	LAMBDA=1.0000,	UNIFPRIORALPHA=1,	ALPHAMAX=10.0000,	ALPHAPRIORA=1.0000,	ALPHAPRIORB=2.0000,	ALPHAPROPSD=0.0250,	STARTATPOPINFO=0,	RANDOMIZE=1,	LINKAGE=0,	METROFREQ=10,	REPORTHITRATE=0,	MARKOVPHASE=-1,	PHASED=0,	PLOIDY=2,	PHASEINFO=0	LOCPRIOR=0, 	LOCPRIORINIT=1.000000, 	LOCDATA=0, 	LOCISPOP=0, 	LOCPRIORSTEP=0.100000, 	MAXLOCPRIOR=20.000000, 	SEED=1571414224,	
[STRAT parameters]:    NUMSIMSTATS=1000,	PHENOTYPECOL=-9,	POOLFREQ=10,	LOCUSxONLY=0,	EMERROR=0.00100,	MISSINGPHENO=-9,	