

----------------------------------------------------
STRUCTURE by Pritchard, Stephens and Donnelly (2000)
     and Falush, Stephens and Pritchard (2003)
       Code by Pritchard, Falush and Hubisz
             Version 2.3.4 (Jul 2012)
----------------------------------------------------



Command line arguments:   bin/structure -m "/Users/Amy 1/Desktop/Population_Genetics/Lab/R/Lab_8/Lab8_2/Set_One/mainparams" -e "/Users/Amy 1/Desktop/Population_Genetics/Lab/R/Lab_8/Lab8_2/Set_One/extraparams" 
Input File:    /Users/Amy 1/Desktop/Population_Genetics/Lab/R/Lab_8/Lab8_2/project_data

Run parameters:
   178 individuals
   300 loci
   5 populations assumed
   5000 Burn-in period
   10000 Reps


--------------------------------------------
Proportion of membership of each pre-defined
 population in each of the 5 clusters

Given    Inferred Clusters                     Number of
 Pop       1      2      3      4      5      Individuals

  1:     0.275  0.188  0.234  0.284  0.019       12
  2:     0.279  0.159  0.165  0.383  0.015       15
  3:     0.135  0.268  0.269  0.306  0.023       37
  4:     0.251  0.305  0.230  0.174  0.041       17
  5:     0.395  0.204  0.253  0.131  0.017        4
  6:     0.286  0.215  0.258  0.184  0.056       36
  7:     0.144  0.152  0.157  0.104  0.443       21
  8:     0.019  0.024  0.023  0.019  0.915       14
  9:     0.014  0.018  0.015  0.015  0.938       22
--------------------------------------------

Allele-freq. divergence among pops (Net nucleotide distance),
computed using point estimates of P.

      1       2       3       4       5      
 1      -    0.0012  0.0012  0.0027  0.0111  
 2   0.0012     -    0.0001  0.0015  0.0095  
 3   0.0012  0.0001     -    0.0015  0.0096  
 4   0.0027  0.0015  0.0015     -    0.0120  
 5   0.0111  0.0095  0.0096  0.0120     -    

Average distances (expected heterozygosity) between individuals in same cluster:
cluster  1  : 0.2491 
cluster  2  : 0.2638 
cluster  3  : 0.2629 
cluster  4  : 0.2525 
cluster  5  : 0.2563 

--------------------------------------------
Estimated Ln Prob of Data   = -32900.9
Mean value of ln likelihood = -31858.2
Variance of ln likelihood   = 2085.5
Mean value of alpha         = 0.0583

Mean value of Fst_1         = 0.0353
Mean value of Fst_2         = 0.0095
Mean value of Fst_3         = 0.0104
Mean value of Fst_4         = 0.0356
Mean value of Fst_5         = 0.0751


Inferred ancestry of individuals:
        Label (%Miss) Pop:  Inferred clusters
  1     1084    (6)    9 :  0.012 0.015 0.014 0.014 0.945 
  2     1085   (10)    9 :  0.024 0.088 0.047 0.035 0.805 
  3     1086    (3)    9 :  0.019 0.011 0.017 0.018 0.935 
  4     1087   (12)    9 :  0.006 0.012 0.006 0.005 0.971 
  5     1088    (5)    9 :  0.024 0.013 0.017 0.021 0.925 
  6     1089    (6)    9 :  0.017 0.014 0.015 0.012 0.943 
  7     1090    (5)    9 :  0.019 0.060 0.024 0.021 0.876 
  8     1091   (14)    9 :  0.033 0.008 0.011 0.008 0.940 
  9     1092   (22)    9 :  0.028 0.024 0.019 0.015 0.914 
 10     1093    (3)    9 :  0.010 0.021 0.012 0.054 0.903 
 11     1094   (14)    9 :  0.016 0.015 0.017 0.021 0.931 
 12     1095    (6)    9 :  0.004 0.004 0.005 0.003 0.984 
 13     1096    (8)    9 :  0.015 0.023 0.019 0.010 0.933 
 14     1097    (3)    9 :  0.011 0.008 0.002 0.010 0.969 
 15     1098    (2)    9 :  0.013 0.014 0.018 0.007 0.948 
 16     1099    (1)    9 :  0.006 0.007 0.004 0.007 0.977 
 17     1100    (5)    9 :  0.004 0.003 0.004 0.003 0.986 
 18     1101    (7)    9 :  0.025 0.020 0.025 0.016 0.914 
 19     1102    (8)    9 :  0.008 0.014 0.021 0.023 0.935 
 20     1103    (6)    9 :  0.007 0.011 0.008 0.007 0.967 
 21     1104    (9)    9 :  0.004 0.005 0.008 0.004 0.980 
 22     1105    (2)    9 :  0.007 0.010 0.013 0.007 0.963 
 23     1235    (3)    2 :  0.143 0.140 0.220 0.493 0.003 
 24     1236    (5)    2 :  0.009 0.012 0.009 0.949 0.020 
 25     1237    (8)    2 :  0.193 0.027 0.114 0.664 0.002 
 26     1238    (7)    2 :  0.022 0.029 0.021 0.920 0.008 
 27     1239    (5)    2 :  0.673 0.061 0.232 0.021 0.013 
 28     1240   (15)    2 :  0.104 0.066 0.181 0.643 0.007 
 29     1241   (16)    2 :  0.227 0.119 0.150 0.472 0.032 
 30     1242    (5)    2 :  0.054 0.609 0.224 0.053 0.060 
 31     1243    (8)    2 :  0.430 0.232 0.119 0.211 0.007 
 32     1244   (12)    2 :  0.429 0.201 0.105 0.260 0.004 
 33     1245   (20)    2 :  0.708 0.131 0.141 0.012 0.009 
 34     1246   (20)    2 :  0.209 0.454 0.275 0.049 0.014 
 35     1247   (11)    2 :  0.176 0.181 0.593 0.030 0.020 
 36     1248   (12)    2 :  0.790 0.115 0.077 0.011 0.008 
 37     1249    (9)    2 :  0.017 0.007 0.008 0.954 0.014 
 38     1253   (20)    8 :  0.010 0.008 0.007 0.010 0.965 
 39     1254   (12)    8 :  0.008 0.038 0.028 0.016 0.909 
 40     1255   (14)    8 :  0.003 0.003 0.007 0.003 0.983 
 41     1256   (24)    8 :  0.011 0.014 0.013 0.011 0.951 
 42     1257    (6)    8 :  0.009 0.013 0.024 0.011 0.943 
 43     1258   (23)    8 :  0.009 0.013 0.006 0.007 0.966 
 44     1259   (10)    8 :  0.009 0.014 0.010 0.016 0.952 
 45     1260   (36)    8 :  0.048 0.041 0.030 0.016 0.865 
 46     1261   (49)    8 :  0.032 0.096 0.063 0.032 0.777 
 47     1262   (29)    8 :  0.012 0.016 0.019 0.035 0.918 
 48     1263   (12)    8 :  0.018 0.010 0.016 0.005 0.951 
 49     1264   (48)    8 :  0.010 0.010 0.014 0.004 0.962 
 50     1265   (13)    8 :  0.014 0.005 0.007 0.006 0.968 
 51     1266   (26)    8 :  0.068 0.059 0.071 0.095 0.707 
 52     1637   (25)    1 :  0.083 0.139 0.225 0.540 0.013 
 53     1638   (19)    1 :  0.582 0.120 0.112 0.104 0.082 
 54     1639   (21)    1 :  0.089 0.104 0.159 0.636 0.012 
 55     1640   (21)    1 :  0.623 0.150 0.142 0.072 0.013 
 56     1641   (82)    1 :  0.671 0.141 0.157 0.012 0.019 
 57     1642   (55)    1 :  0.730 0.047 0.044 0.171 0.009 
 58     1643   (41)    1 :  0.063 0.250 0.473 0.202 0.011 
 59     1644   (53)    1 :  0.055 0.151 0.128 0.662 0.005 
 60     1645   (47)    1 :  0.083 0.306 0.578 0.027 0.007 
 61     1646   (49)    1 :  0.167 0.282 0.467 0.070 0.014 
 62     1647   (51)    1 :  0.118 0.094 0.062 0.712 0.014 
 63     1648   (55)    1 :  0.040 0.466 0.266 0.197 0.030 
 64     1649   (28)    3 :  0.101 0.327 0.291 0.273 0.008 
 65     1650   (26)    3 :  0.036 0.051 0.213 0.690 0.010 
 66     1651   (19)    3 :  0.051 0.370 0.426 0.140 0.013 
 67     1652   (17)    3 :  0.033 0.517 0.422 0.019 0.008 
 68     1653   (17)    3 :  0.042 0.068 0.098 0.780 0.011 
 69     1654   (33)    3 :  0.352 0.121 0.274 0.244 0.010 
 70     1655   (33)    3 :  0.472 0.275 0.220 0.023 0.009 
 71     1656   (20)    3 :  0.088 0.390 0.403 0.112 0.007 
 72     1657   (38)    3 :  0.256 0.231 0.141 0.366 0.007 
 73     1658   (22)    3 :  0.076 0.192 0.623 0.095 0.013 
 74     1659   (16)    3 :  0.079 0.556 0.345 0.014 0.006 
 75     1660   (24)    3 :  0.766 0.011 0.094 0.122 0.008 
 76     1661   (26)    3 :  0.128 0.196 0.359 0.299 0.019 
 77     1662   (36)    3 :  0.040 0.558 0.147 0.058 0.198 
 78     1663   (30)    3 :  0.134 0.184 0.062 0.613 0.006 
 79     1664   (19)    3 :  0.059 0.311 0.262 0.362 0.006 
 80     1665   (43)    3 :  0.359 0.218 0.234 0.176 0.013 
 81     1666   (33)    3 :  0.072 0.184 0.360 0.367 0.017 
 82     1667   (30)    3 :  0.066 0.430 0.299 0.167 0.038 
 83     1668   (15)    3 :  0.039 0.200 0.216 0.533 0.013 
 84     1669   (37)    3 :  0.091 0.252 0.459 0.163 0.035 
 85     1670   (61)    3 :  0.057 0.484 0.306 0.129 0.024 
 86     1671   (42)    3 :  0.205 0.281 0.466 0.031 0.016 
 87     1672   (29)    3 :  0.039 0.035 0.041 0.876 0.008 
 88     1673   (59)    3 :  0.089 0.144 0.148 0.574 0.047 
 89     1674   (20)    3 :  0.022 0.130 0.218 0.619 0.011 
 90     1675   (49)    3 :  0.205 0.311 0.402 0.044 0.038 
 91     1676   (20)    3 :  0.030 0.186 0.209 0.558 0.016 
 92     1677   (24)    3 :  0.174 0.483 0.244 0.089 0.010 
 93     1678   (32)    3 :  0.192 0.098 0.075 0.631 0.004 
 94     1679   (36)    3 :  0.033 0.476 0.354 0.043 0.095 
 95     1680   (17)    3 :  0.068 0.190 0.415 0.264 0.063 
 96     1681   (29)    3 :  0.094 0.157 0.182 0.552 0.015 
 97     1682   (39)    3 :  0.018 0.045 0.048 0.878 0.011 
 98     1683   (39)    3 :  0.052 0.575 0.280 0.083 0.009 
 99     1684   (31)    3 :  0.044 0.444 0.284 0.222 0.007 
100     1685   (16)    3 :  0.333 0.227 0.314 0.106 0.020 
101     1686   (17)    6 :  0.023 0.060 0.103 0.790 0.023 
102     1687   (38)    6 :  0.019 0.344 0.547 0.073 0.016 
103     1688   (16)    6 :  0.801 0.056 0.054 0.078 0.010 
104     1689   (22)    6 :  0.844 0.034 0.056 0.019 0.047 
105     1690   (11)    6 :  0.679 0.099 0.071 0.146 0.005 
106     1691   (24)    6 :  0.640 0.189 0.103 0.054 0.014 
107     1692   (23)    6 :  0.034 0.329 0.544 0.046 0.047 
108     1693   (21)    6 :  0.019 0.361 0.413 0.194 0.012 
109     1694   (40)    6 :  0.147 0.446 0.256 0.135 0.015 
110     1695   (13)    6 :  0.044 0.341 0.567 0.036 0.013 
111     1696   (15)    6 :  0.367 0.152 0.244 0.166 0.072 
112     1697   (19)    6 :  0.078 0.118 0.080 0.713 0.012 
113     1698   (13)    6 :  0.044 0.327 0.526 0.035 0.068 
114     1699   (23)    6 :  0.460 0.168 0.248 0.045 0.079 
115     1700   (13)    6 :  0.219 0.176 0.128 0.472 0.005 
116     1701   (15)    6 :  0.022 0.044 0.208 0.226 0.499 
117     1702   (37)    6 :  0.420 0.188 0.312 0.035 0.045 
118     1703   (16)    6 :  0.701 0.102 0.165 0.016 0.016 
119     1704   (24)    6 :  0.550 0.199 0.208 0.034 0.009 
120     1705   (13)    6 :  0.216 0.230 0.513 0.032 0.010 
121     1706   (19)    6 :  0.163 0.438 0.253 0.136 0.010 
122     1707   (41)    6 :  0.058 0.434 0.181 0.305 0.021 
123     1708   (19)    6 :  0.043 0.141 0.088 0.698 0.031 
124     1709   (52)    6 :  0.045 0.187 0.285 0.012 0.471 
125     1710   (32)    6 :  0.272 0.360 0.207 0.131 0.031 
126     1711   (39)    6 :  0.049 0.096 0.096 0.748 0.012 
127     1712   (26)    6 :  0.275 0.219 0.465 0.017 0.023 
128     1713   (32)    6 :  0.162 0.175 0.351 0.261 0.051 
129     1714   (30)    6 :  0.118 0.406 0.369 0.086 0.020 
130     1715   (19)    6 :  0.759 0.088 0.121 0.012 0.020 
131     1716   (27)    6 :  0.189 0.232 0.264 0.300 0.015 
132     1717   (26)    6 :  0.123 0.394 0.248 0.229 0.006 
133     1718   (42)    6 :  0.327 0.270 0.303 0.089 0.011 
134     1719   (23)    6 :  0.312 0.217 0.396 0.070 0.005 
135     1720   (29)    6 :  0.584 0.069 0.170 0.155 0.022 
136     1721   (24)    6 :  0.505 0.064 0.150 0.018 0.262 
137     1722   (13)    5 :  0.263 0.164 0.234 0.330 0.008 
138     1723   (20)    5 :  0.510 0.212 0.236 0.018 0.024 
139     1724   (19)    5 :  0.719 0.083 0.127 0.048 0.022 
140     1725   (25)    5 :  0.088 0.356 0.417 0.126 0.014 
141     1726   (20)    4 :  0.076 0.128 0.173 0.587 0.036 
142     1727   (30)    4 :  0.954 0.016 0.007 0.015 0.008 
143     1728   (52)    4 :  0.138 0.378 0.235 0.088 0.162 
144     1729   (30)    4 :  0.238 0.204 0.242 0.158 0.158 
145     1730   (30)    4 :  0.015 0.015 0.034 0.929 0.007 
146     1731   (58)    4 :  0.039 0.480 0.293 0.069 0.119 
147     1732   (56)    4 :  0.102 0.422 0.372 0.084 0.020 
148     1733   (22)    4 :  0.766 0.030 0.122 0.050 0.031 
149     1734   (39)    4 :  0.089 0.478 0.349 0.076 0.008 
150     1735   (49)    4 :  0.463 0.242 0.192 0.095 0.009 
151     1736   (26)    4 :  0.322 0.248 0.271 0.147 0.012 
152     1737   (14)    4 :  0.580 0.215 0.155 0.034 0.016 
153     1738   (20)    4 :  0.068 0.537 0.200 0.158 0.038 
154     1739   (16)    4 :  0.128 0.579 0.212 0.076 0.005 
155     1740   (30)    4 :  0.014 0.415 0.492 0.069 0.010 
156     1741   (49)    4 :  0.209 0.353 0.274 0.139 0.026 
157     1742   (39)    4 :  0.069 0.441 0.284 0.176 0.030 
158     1743   (27)    7 :  0.025 0.036 0.040 0.064 0.835 
159     1744   (53)    7 :  0.085 0.179 0.094 0.077 0.566 
160     1746   (59)    7 :  0.050 0.033 0.034 0.040 0.842 
161     1747   (31)    7 :  0.134 0.314 0.361 0.111 0.080 
162     1748   (34)    7 :  0.456 0.140 0.139 0.100 0.165 
163     1749   (14)    7 :  0.223 0.133 0.208 0.075 0.362 
164     1750   (30)    7 :  0.037 0.417 0.420 0.037 0.089 
165     1751   (19)    7 :  0.041 0.167 0.184 0.108 0.501 
166     1752   (43)    7 :  0.039 0.078 0.058 0.076 0.748 
167     1753   (25)    7 :  0.015 0.070 0.060 0.729 0.126 
168     1754   (53)    7 :  0.034 0.572 0.287 0.051 0.056 
169     1755   (15)    7 :  0.105 0.028 0.087 0.012 0.769 
170     1756   (11)    7 :  0.201 0.296 0.196 0.044 0.263 
171     1757   (60)    7 :  0.071 0.168 0.356 0.072 0.332 
172     1758   (60)    7 :  0.030 0.195 0.135 0.027 0.614 
173     1759   (36)    7 :  0.016 0.031 0.023 0.020 0.910 
174     1760   (24)    7 :  0.476 0.049 0.035 0.072 0.368 
175     1761   (10)    7 :  0.740 0.038 0.023 0.174 0.026 
176     1762   (18)    7 :  0.014 0.034 0.141 0.205 0.606 
177     1763   (45)    7 :  0.067 0.056 0.080 0.078 0.719 
178     1764   (16)    7 :  0.169 0.164 0.327 0.017 0.324 


Estimated Allele Frequencies in each cluster
First column gives estimated ancestral frequencies


Locus 1 : 
2 alleles
29.8% missing data
   0   (0.698) 0.717 0.697 0.709 0.681 0.659 
   1   (0.302) 0.283 0.303 0.291 0.319 0.341 

Locus 2 : 
2 alleles
21.3% missing data
   0   (0.810) 0.804 0.819 0.825 0.833 0.652 
   1   (0.190) 0.196 0.181 0.175 0.167 0.348 

Locus 3 : 
2 alleles
12.4% missing data
   0   (0.330) 0.319 0.334 0.316 0.355 0.357 
   1   (0.670) 0.681 0.666 0.684 0.645 0.643 

Locus 4 : 
2 alleles
48.9% missing data
   0   (0.859) 0.876 0.867 0.860 0.858 0.853 
   1   (0.141) 0.124 0.133 0.140 0.142 0.147 

Locus 5 : 
2 alleles
60.1% missing data
   0   (0.889) 0.893 0.885 0.889 0.887 0.963 
   1   (0.111) 0.107 0.115 0.111 0.113 0.037 

Locus 6 : 
2 alleles
28.1% missing data
   0   (0.859) 0.842 0.853 0.861 0.889 0.917 
   1   (0.141) 0.158 0.147 0.139 0.111 0.083 

Locus 7 : 
2 alleles
61.2% missing data
   0   (0.845) 0.866 0.857 0.852 0.778 0.834 
   1   (0.155) 0.134 0.143 0.148 0.222 0.166 

Locus 8 : 
2 alleles
62.4% missing data
   0   (0.837) 0.860 0.848 0.845 0.772 0.832 
   1   (0.163) 0.140 0.152 0.155 0.228 0.168 

Locus 9 : 
2 alleles
18.0% missing data
   0   (0.956) 0.976 0.954 0.961 0.963 0.978 
   1   (0.044) 0.024 0.046 0.039 0.037 0.022 

Locus 10 : 
2 alleles
8.4% missing data
   0   (0.254) 0.212 0.271 0.242 0.231 0.319 
   1   (0.746) 0.788 0.729 0.758 0.769 0.681 

Locus 11 : 
2 alleles
15.2% missing data
   0   (0.865) 0.853 0.872 0.876 0.860 0.855 
   1   (0.135) 0.147 0.128 0.124 0.140 0.145 

Locus 12 : 
2 alleles
18.0% missing data
   0   (0.925) 0.948 0.930 0.922 0.941 0.928 
   1   (0.075) 0.052 0.070 0.078 0.059 0.072 

Locus 13 : 
2 alleles
28.1% missing data
   1   (0.945) 0.967 0.940 0.949 0.971 0.932 
   0   (0.055) 0.033 0.060 0.051 0.029 0.068 

Locus 14 : 
2 alleles
22.5% missing data
   0   (0.833) 0.841 0.836 0.848 0.857 0.680 
   1   (0.167) 0.159 0.164 0.152 0.143 0.320 

Locus 15 : 
2 alleles
23.0% missing data
   0   (0.832) 0.841 0.834 0.847 0.853 0.680 
   1   (0.168) 0.159 0.166 0.153 0.147 0.320 

Locus 16 : 
2 alleles
20.8% missing data
   0   (0.848) 0.858 0.848 0.840 0.862 0.940 
   1   (0.152) 0.142 0.152 0.160 0.138 0.060 

Locus 17 : 
2 alleles
11.8% missing data
   1   (0.715) 0.683 0.727 0.717 0.687 0.795 
   0   (0.285) 0.317 0.273 0.283 0.313 0.205 

Locus 18 : 
2 alleles
46.1% missing data
   0   (0.914) 0.930 0.918 0.913 0.904 0.956 
   1   (0.086) 0.070 0.082 0.087 0.096 0.044 

Locus 19 : 
2 alleles
46.6% missing data
   0   (0.886) 0.882 0.887 0.891 0.909 0.912 
   1   (0.114) 0.118 0.113 0.109 0.091 0.088 

Locus 20 : 
2 alleles
2.8% missing data
   0   (0.911) 0.929 0.918 0.910 0.948 0.864 
   1   (0.089) 0.071 0.082 0.090 0.052 0.136 

Locus 21 : 
2 alleles
6.7% missing data
   1   (0.862) 0.890 0.858 0.872 0.836 0.886 
   0   (0.138) 0.110 0.142 0.128 0.164 0.114 

Locus 22 : 
2 alleles
9.0% missing data
   1   (0.900) 0.909 0.913 0.904 0.915 0.758 
   0   (0.100) 0.091 0.087 0.096 0.085 0.242 

Locus 23 : 
2 alleles
32.6% missing data
   0   (0.919) 0.932 0.920 0.924 0.909 0.958 
   1   (0.081) 0.068 0.080 0.076 0.091 0.042 

Locus 24 : 
2 alleles
50.6% missing data
   0   (0.889) 0.880 0.890 0.883 0.871 0.979 
   1   (0.111) 0.120 0.110 0.117 0.129 0.021 

Locus 25 : 
2 alleles
36.0% missing data
   0   (0.645) 0.664 0.661 0.661 0.531 0.619 
   1   (0.355) 0.336 0.339 0.339 0.469 0.381 

Locus 26 : 
2 alleles
21.9% missing data
   0   (0.959) 0.972 0.962 0.963 0.983 0.864 
   1   (0.041) 0.028 0.038 0.037 0.017 0.136 

Locus 27 : 
2 alleles
10.1% missing data
   0   (0.861) 0.792 0.866 0.866 0.917 0.875 
   1   (0.139) 0.208 0.134 0.134 0.083 0.125 

Locus 28 : 
2 alleles
39.3% missing data
   0   (0.930) 0.941 0.929 0.936 0.959 0.843 
   1   (0.070) 0.059 0.071 0.064 0.041 0.157 

Locus 29 : 
2 alleles
34.3% missing data
   1   (0.447) 0.502 0.443 0.430 0.456 0.460 
   0   (0.553) 0.498 0.557 0.570 0.544 0.540 

Locus 30 : 
2 alleles
48.3% missing data
   0   (0.867) 0.892 0.874 0.874 0.851 0.810 
   1   (0.133) 0.108 0.126 0.126 0.149 0.190 

Locus 31 : 
2 alleles
20.2% missing data
   0   (0.927) 0.946 0.924 0.935 0.960 0.807 
   1   (0.073) 0.054 0.076 0.065 0.040 0.193 

Locus 32 : 
2 alleles
1.1% missing data
   0   (0.838) 0.856 0.838 0.832 0.834 0.938 
   1   (0.162) 0.144 0.162 0.168 0.166 0.062 

Locus 33 : 
2 alleles
31.5% missing data
   0   (0.966) 0.982 0.972 0.970 0.980 0.829 
   1   (0.034) 0.018 0.028 0.030 0.020 0.171 

Locus 34 : 
2 alleles
33.1% missing data
   1   (0.853) 0.877 0.849 0.859 0.816 0.936 
   0   (0.147) 0.123 0.151 0.141 0.184 0.064 

Locus 35 : 
2 alleles
28.1% missing data
   0   (0.769) 0.788 0.758 0.769 0.778 0.851 
   1   (0.231) 0.212 0.242 0.231 0.222 0.149 

Locus 36 : 
2 alleles
21.3% missing data
   0   (0.904) 0.935 0.909 0.904 0.926 0.809 
   1   (0.096) 0.065 0.091 0.096 0.074 0.191 

Locus 37 : 
2 alleles
9.0% missing data
   0   (0.791) 0.853 0.790 0.776 0.786 0.837 
   1   (0.209) 0.147 0.210 0.224 0.214 0.163 

Locus 38 : 
2 alleles
23.6% missing data
   0   (0.943) 0.960 0.934 0.948 0.966 0.963 
   1   (0.057) 0.040 0.066 0.052 0.034 0.037 

Locus 39 : 
2 alleles
34.8% missing data
   0   (0.800) 0.836 0.807 0.796 0.730 0.878 
   1   (0.200) 0.164 0.193 0.204 0.270 0.122 

Locus 40 : 
2 alleles
20.2% missing data
   0   (0.728) 0.737 0.715 0.728 0.741 0.823 
   1   (0.272) 0.263 0.285 0.272 0.259 0.177 

Locus 41 : 
2 alleles
52.8% missing data
   0   (0.929) 0.916 0.936 0.937 0.956 0.827 
   1   (0.071) 0.084 0.064 0.063 0.044 0.173 

Locus 42 : 
2 alleles
22.5% missing data
   0   (0.894) 0.906 0.896 0.884 0.919 0.951 
   1   (0.106) 0.094 0.104 0.116 0.081 0.049 

Locus 43 : 
2 alleles
22.5% missing data
   0   (0.847) 0.861 0.852 0.856 0.850 0.789 
   1   (0.153) 0.139 0.148 0.144 0.150 0.211 

Locus 44 : 
2 alleles
18.0% missing data
   0   (0.943) 0.969 0.944 0.936 0.977 0.919 
   1   (0.057) 0.031 0.056 0.064 0.023 0.081 

Locus 45 : 
2 alleles
52.2% missing data
   0   (0.762) 0.799 0.751 0.758 0.758 0.868 
   1   (0.238) 0.201 0.249 0.242 0.242 0.132 

Locus 46 : 
2 alleles
25.3% missing data
   0   (0.945) 0.972 0.950 0.943 0.967 0.842 
   1   (0.055) 0.028 0.050 0.057 0.033 0.158 

Locus 47 : 
2 alleles
18.5% missing data
   0   (0.926) 0.936 0.936 0.935 0.923 0.853 
   1   (0.074) 0.064 0.064 0.065 0.077 0.147 

Locus 48 : 
2 alleles
57.3% missing data
   0   (0.972) 0.983 0.975 0.976 0.983 0.963 
   1   (0.028) 0.017 0.025 0.024 0.017 0.037 

Locus 49 : 
2 alleles
51.7% missing data
   0   (0.870) 0.891 0.867 0.870 0.903 0.852 
   1   (0.130) 0.109 0.133 0.130 0.097 0.148 

Locus 50 : 
2 alleles
11.2% missing data
   0   (0.706) 0.788 0.701 0.706 0.740 0.526 
   1   (0.294) 0.212 0.299 0.294 0.260 0.474 

Locus 51 : 
2 alleles
18.0% missing data
   0   (0.666) 0.663 0.671 0.676 0.680 0.535 
   1   (0.334) 0.337 0.329 0.324 0.320 0.465 

Locus 52 : 
2 alleles
33.7% missing data
   0   (0.682) 0.723 0.664 0.671 0.714 0.773 
   1   (0.318) 0.277 0.336 0.329 0.286 0.227 

Locus 53 : 
2 alleles
8.4% missing data
   0   (0.201) 0.195 0.206 0.202 0.145 0.236 
   1   (0.799) 0.805 0.794 0.798 0.855 0.764 

Locus 54 : 
2 alleles
22.5% missing data
   0   (0.924) 0.946 0.922 0.925 0.946 0.930 
   1   (0.076) 0.054 0.078 0.075 0.054 0.070 

Locus 55 : 
2 alleles
19.1% missing data
   0   (0.729) 0.748 0.722 0.726 0.696 0.839 
   1   (0.271) 0.252 0.278 0.274 0.304 0.161 

Locus 56 : 
2 alleles
10.1% missing data
   0   (0.879) 0.838 0.890 0.880 0.894 0.923 
   1   (0.121) 0.162 0.110 0.120 0.106 0.077 

Locus 57 : 
2 alleles
13.5% missing data
   0   (0.523) 0.531 0.522 0.521 0.538 0.502 
   1   (0.477) 0.469 0.478 0.479 0.462 0.498 

Locus 58 : 
2 alleles
33.1% missing data
   0   (0.613) 0.613 0.610 0.609 0.605 0.707 
   1   (0.387) 0.387 0.390 0.391 0.395 0.293 

Locus 59 : 
2 alleles
32.6% missing data
   0   (0.284) 0.221 0.256 0.255 0.293 0.857 
   1   (0.716) 0.779 0.744 0.745 0.707 0.143 

Locus 60 : 
2 alleles
44.4% missing data
   1   (0.664) 0.599 0.669 0.658 0.690 0.775 
   0   (0.336) 0.401 0.331 0.342 0.310 0.225 

Locus 61 : 
2 alleles
16.9% missing data
   0   (0.855) 0.860 0.855 0.859 0.897 0.774 
   1   (0.145) 0.140 0.145 0.141 0.103 0.226 

Locus 62 : 
2 alleles
7.9% missing data
   0   (0.919) 0.939 0.921 0.921 0.940 0.910 
   1   (0.081) 0.061 0.079 0.079 0.060 0.090 

Locus 63 : 
2 alleles
36.5% missing data
   0   (0.927) 0.935 0.935 0.933 0.943 0.883 
   1   (0.073) 0.065 0.065 0.067 0.057 0.117 

Locus 64 : 
2 alleles
9.0% missing data
   0   (0.686) 0.737 0.677 0.672 0.635 0.851 
   1   (0.314) 0.263 0.323 0.328 0.365 0.149 

Locus 65 : 
2 alleles
38.8% missing data
   1   (0.143) 0.146 0.142 0.136 0.116 0.182 
   0   (0.857) 0.854 0.858 0.864 0.884 0.818 

Locus 66 : 
2 alleles
18.0% missing data
   0   (0.943) 0.971 0.946 0.946 0.957 0.892 
   1   (0.057) 0.029 0.054 0.054 0.043 0.108 

Locus 67 : 
2 alleles
23.0% missing data
   0   (0.849) 0.817 0.843 0.842 0.910 0.901 
   1   (0.151) 0.183 0.157 0.158 0.090 0.099 

Locus 68 : 
2 alleles
48.9% missing data
   0   (0.944) 0.953 0.947 0.945 0.964 0.944 
   1   (0.056) 0.047 0.053 0.055 0.036 0.056 

Locus 69 : 
2 alleles
23.0% missing data
   1   (0.852) 0.825 0.860 0.864 0.870 0.780 
   0   (0.148) 0.175 0.140 0.136 0.130 0.220 

Locus 70 : 
2 alleles
42.7% missing data
   0   (0.804) 0.839 0.808 0.804 0.812 0.762 
   1   (0.196) 0.161 0.192 0.196 0.188 0.238 

Locus 71 : 
2 alleles
12.4% missing data
   0   (0.957) 0.976 0.965 0.964 0.957 0.888 
   1   (0.043) 0.024 0.035 0.036 0.043 0.112 

Locus 72 : 
2 alleles
19.1% missing data
   0   (0.959) 0.978 0.963 0.966 0.956 0.959 
   1   (0.041) 0.022 0.037 0.034 0.044 0.041 

Locus 73 : 
2 alleles
8.4% missing data
   0   (0.927) 0.957 0.924 0.925 0.963 0.906 
   1   (0.073) 0.043 0.076 0.075 0.037 0.094 

Locus 74 : 
2 alleles
37.1% missing data
   0   (0.869) 0.856 0.878 0.870 0.851 0.934 
   1   (0.131) 0.144 0.122 0.130 0.149 0.066 

Locus 75 : 
2 alleles
61.8% missing data
   0   (0.913) 0.932 0.912 0.906 0.933 0.960 
   1   (0.087) 0.068 0.088 0.094 0.067 0.040 

Locus 76 : 
2 alleles
45.5% missing data
   0   (0.894) 0.898 0.894 0.905 0.853 0.954 
   1   (0.106) 0.102 0.106 0.095 0.147 0.046 

Locus 77 : 
2 alleles
56.2% missing data
   1   (0.837) 0.844 0.835 0.843 0.843 0.854 
   0   (0.163) 0.156 0.165 0.157 0.157 0.146 

Locus 78 : 
2 alleles
10.7% missing data
   1   (0.324) 0.402 0.308 0.314 0.324 0.330 
   0   (0.676) 0.598 0.692 0.686 0.676 0.670 

Locus 79 : 
2 alleles
6.7% missing data
   0   (0.930) 0.921 0.937 0.940 0.947 0.858 
   1   (0.070) 0.079 0.063 0.060 0.053 0.142 

Locus 80 : 
2 alleles
2.8% missing data
   0   (0.834) 0.822 0.845 0.849 0.800 0.820 
   1   (0.166) 0.178 0.155 0.151 0.200 0.180 

Locus 81 : 
2 alleles
42.1% missing data
   0   (0.315) 0.245 0.321 0.307 0.313 0.481 
   1   (0.685) 0.755 0.679 0.693 0.687 0.519 

Locus 82 : 
2 alleles
11.8% missing data
   0   (0.923) 0.953 0.927 0.931 0.889 0.927 
   1   (0.077) 0.047 0.073 0.069 0.111 0.073 

Locus 83 : 
2 alleles
3.4% missing data
   0   (0.506) 0.533 0.510 0.486 0.467 0.652 
   1   (0.494) 0.467 0.490 0.514 0.533 0.348 

Locus 84 : 
2 alleles
35.4% missing data
   0   (0.891) 0.934 0.881 0.891 0.913 0.889 
   1   (0.109) 0.066 0.119 0.109 0.087 0.111 

Locus 85 : 
2 alleles
51.7% missing data
   0   (0.794) 0.803 0.793 0.794 0.833 0.762 
   1   (0.206) 0.197 0.207 0.206 0.167 0.238 

Locus 86 : 
2 alleles
29.2% missing data
   0   (0.916) 0.896 0.919 0.917 0.957 0.927 
   1   (0.084) 0.104 0.081 0.083 0.043 0.073 

Locus 87 : 
2 alleles
16.3% missing data
   0   (0.889) 0.924 0.894 0.893 0.872 0.858 
   1   (0.111) 0.076 0.106 0.107 0.128 0.142 

Locus 88 : 
2 alleles
53.4% missing data
   0   (0.389) 0.358 0.375 0.378 0.250 0.881 
   1   (0.611) 0.642 0.625 0.622 0.750 0.119 

Locus 89 : 
2 alleles
26.4% missing data
   0   (0.936) 0.955 0.933 0.945 0.931 0.965 
   1   (0.064) 0.045 0.067 0.055 0.069 0.035 

Locus 90 : 
2 alleles
15.7% missing data
   0   (0.914) 0.943 0.924 0.918 0.876 0.902 
   1   (0.086) 0.057 0.076 0.082 0.124 0.098 

Locus 91 : 
2 alleles
24.2% missing data
   0   (0.893) 0.936 0.880 0.890 0.917 0.923 
   1   (0.107) 0.064 0.120 0.110 0.083 0.077 

Locus 92 : 
2 alleles
18.5% missing data
   0   (0.879) 0.899 0.881 0.882 0.901 0.870 
   1   (0.121) 0.101 0.119 0.118 0.099 0.130 

Locus 93 : 
2 alleles
36.0% missing data
   1   (0.656) 0.653 0.640 0.645 0.695 0.811 
   0   (0.344) 0.347 0.360 0.355 0.305 0.189 

Locus 94 : 
2 alleles
29.8% missing data
   0   (0.556) 0.544 0.552 0.567 0.516 0.610 
   1   (0.444) 0.456 0.448 0.433 0.484 0.390 

Locus 95 : 
2 alleles
15.7% missing data
   1   (0.804) 0.834 0.812 0.795 0.792 0.843 
   0   (0.196) 0.166 0.188 0.205 0.208 0.157 

Locus 96 : 
2 alleles
28.7% missing data
   0   (0.537) 0.565 0.544 0.545 0.472 0.463 
   1   (0.463) 0.435 0.456 0.455 0.528 0.537 

Locus 97 : 
2 alleles
50.6% missing data
   0   (0.857) 0.878 0.862 0.864 0.845 0.864 
   1   (0.143) 0.122 0.138 0.136 0.155 0.136 

Locus 98 : 
2 alleles
16.9% missing data
   0   (0.843) 0.898 0.856 0.842 0.823 0.719 
   1   (0.157) 0.102 0.144 0.158 0.177 0.281 

Locus 99 : 
2 alleles
0.0% missing data
   0   (0.900) 0.937 0.905 0.901 0.897 0.857 
   1   (0.100) 0.063 0.095 0.099 0.103 0.143 

Locus 100 : 
2 alleles
7.9% missing data
   0   (0.459) 0.436 0.453 0.451 0.429 0.660 
   1   (0.541) 0.564 0.547 0.549 0.571 0.340 

Locus 101 : 
2 alleles
13.5% missing data
   1   (0.686) 0.744 0.694 0.682 0.615 0.722 
   0   (0.314) 0.256 0.306 0.318 0.385 0.278 

Locus 102 : 
2 alleles
20.8% missing data
   1   (0.690) 0.705 0.699 0.696 0.621 0.734 
   0   (0.310) 0.295 0.301 0.304 0.379 0.266 

Locus 103 : 
2 alleles
2.2% missing data
   0   (0.945) 0.967 0.947 0.942 0.972 0.912 
   1   (0.055) 0.033 0.053 0.058 0.028 0.088 

Locus 104 : 
2 alleles
33.7% missing data
   1   (0.762) 0.723 0.769 0.770 0.788 0.739 
   0   (0.238) 0.277 0.231 0.230 0.212 0.261 

Locus 105 : 
2 alleles
37.1% missing data
   0   (0.681) 0.563 0.691 0.702 0.725 0.631 
   1   (0.319) 0.437 0.309 0.298 0.275 0.369 

Locus 106 : 
2 alleles
13.5% missing data
   0   (0.872) 0.922 0.872 0.870 0.904 0.752 
   1   (0.128) 0.078 0.128 0.130 0.096 0.248 

Locus 107 : 
2 alleles
38.8% missing data
   0   (0.799) 0.801 0.812 0.808 0.771 0.738 
   1   (0.201) 0.199 0.188 0.192 0.229 0.262 

Locus 108 : 
2 alleles
11.8% missing data
   0   (0.872) 0.916 0.867 0.858 0.893 0.934 
   1   (0.128) 0.084 0.133 0.142 0.107 0.066 

Locus 109 : 
2 alleles
25.3% missing data
   0   (0.887) 0.933 0.889 0.883 0.909 0.840 
   1   (0.113) 0.067 0.111 0.117 0.091 0.160 

Locus 110 : 
2 alleles
12.4% missing data
   1   (0.600) 0.615 0.590 0.598 0.605 0.663 
   0   (0.400) 0.385 0.410 0.402 0.395 0.337 

Locus 111 : 
2 alleles
32.6% missing data
   0   (0.783) 0.804 0.783 0.787 0.812 0.703 
   1   (0.217) 0.196 0.217 0.213 0.188 0.297 

Locus 112 : 
2 alleles
53.4% missing data
   0   (0.866) 0.882 0.857 0.863 0.889 0.934 
   1   (0.134) 0.118 0.143 0.137 0.111 0.066 

Locus 113 : 
2 alleles
16.9% missing data
   1   (0.886) 0.896 0.888 0.894 0.890 0.888 
   0   (0.114) 0.104 0.112 0.106 0.110 0.112 

Locus 114 : 
2 alleles
5.6% missing data
   0   (0.922) 0.855 0.932 0.927 0.965 0.867 
   1   (0.078) 0.145 0.068 0.073 0.035 0.133 

Locus 115 : 
2 alleles
25.8% missing data
   0   (0.809) 0.835 0.796 0.807 0.881 0.718 
   1   (0.191) 0.165 0.204 0.193 0.119 0.282 

Locus 116 : 
2 alleles
24.7% missing data
   0   (0.755) 0.727 0.759 0.752 0.776 0.831 
   1   (0.245) 0.273 0.241 0.248 0.224 0.169 

Locus 117 : 
2 alleles
13.5% missing data
   0   (0.815) 0.820 0.817 0.822 0.790 0.870 
   1   (0.185) 0.180 0.183 0.178 0.210 0.130 

Locus 118 : 
2 alleles
5.6% missing data
   0   (0.580) 0.498 0.566 0.567 0.529 0.913 
   1   (0.420) 0.502 0.434 0.433 0.471 0.087 

Locus 119 : 
2 alleles
15.2% missing data
   0   (0.791) 0.802 0.782 0.786 0.776 0.926 
   1   (0.209) 0.198 0.218 0.214 0.224 0.074 

Locus 120 : 
2 alleles
23.0% missing data
   0   (0.893) 0.931 0.888 0.894 0.901 0.894 
   1   (0.107) 0.069 0.112 0.106 0.099 0.106 

Locus 121 : 
2 alleles
25.3% missing data
   0   (0.874) 0.877 0.871 0.873 0.914 0.892 
   1   (0.126) 0.123 0.129 0.127 0.086 0.108 

Locus 122 : 
2 alleles
12.9% missing data
   0   (0.813) 0.776 0.814 0.817 0.840 0.875 
   1   (0.187) 0.224 0.186 0.183 0.160 0.125 

Locus 123 : 
2 alleles
20.2% missing data
   1   (0.894) 0.934 0.891 0.901 0.904 0.807 
   0   (0.106) 0.066 0.109 0.099 0.096 0.193 

Locus 124 : 
2 alleles
43.8% missing data
   0   (0.596) 0.621 0.592 0.587 0.630 0.590 
   1   (0.404) 0.379 0.408 0.413 0.370 0.410 

Locus 125 : 
2 alleles
2.8% missing data
   0   (0.933) 0.965 0.937 0.929 0.948 0.946 
   1   (0.067) 0.035 0.063 0.071 0.052 0.054 

Locus 126 : 
2 alleles
15.2% missing data
   0   (0.881) 0.821 0.882 0.887 0.911 0.940 
   1   (0.119) 0.179 0.118 0.113 0.089 0.060 

Locus 127 : 
2 alleles
16.9% missing data
   0   (0.663) 0.702 0.656 0.673 0.656 0.618 
   1   (0.337) 0.298 0.344 0.327 0.344 0.382 

Locus 128 : 
2 alleles
63.5% missing data
   0   (0.715) 0.657 0.719 0.713 0.771 0.749 
   1   (0.285) 0.343 0.281 0.287 0.229 0.251 

Locus 129 : 
2 alleles
32.6% missing data
   0   (0.736) 0.754 0.740 0.731 0.793 0.630 
   1   (0.264) 0.246 0.260 0.269 0.207 0.370 

Locus 130 : 
2 alleles
30.9% missing data
   0   (0.864) 0.872 0.867 0.863 0.896 0.841 
   1   (0.136) 0.128 0.133 0.137 0.104 0.159 

Locus 131 : 
2 alleles
31.5% missing data
   0   (0.932) 0.957 0.934 0.927 0.950 0.930 
   1   (0.068) 0.043 0.066 0.073 0.050 0.070 

Locus 132 : 
2 alleles
9.0% missing data
   0   (0.796) 0.764 0.801 0.800 0.813 0.824 
   1   (0.204) 0.236 0.199 0.200 0.187 0.176 

Locus 133 : 
2 alleles
19.1% missing data
   1   (0.428) 0.461 0.419 0.443 0.341 0.493 
   0   (0.572) 0.539 0.581 0.557 0.659 0.507 

Locus 134 : 
2 alleles
45.5% missing data
   0   (0.814) 0.805 0.814 0.809 0.787 0.936 
   1   (0.186) 0.195 0.186 0.191 0.213 0.064 

Locus 135 : 
2 alleles
19.7% missing data
   0   (0.732) 0.689 0.733 0.747 0.743 0.744 
   1   (0.268) 0.311 0.267 0.253 0.257 0.256 

Locus 136 : 
2 alleles
2.8% missing data
   0   (0.898) 0.921 0.905 0.900 0.919 0.839 
   1   (0.102) 0.079 0.095 0.100 0.081 0.161 

Locus 137 : 
2 alleles
1.1% missing data
   1   (0.616) 0.651 0.625 0.608 0.531 0.743 
   0   (0.384) 0.349 0.375 0.392 0.469 0.257 

Locus 138 : 
2 alleles
49.4% missing data
   0   (0.849) 0.765 0.858 0.848 0.878 0.935 
   1   (0.151) 0.235 0.142 0.152 0.122 0.065 

Locus 139 : 
2 alleles
18.5% missing data
   0   (0.933) 0.945 0.942 0.943 0.903 0.914 
   1   (0.067) 0.055 0.058 0.057 0.097 0.086 

Locus 140 : 
2 alleles
16.3% missing data
   0   (0.940) 0.955 0.948 0.949 0.941 0.873 
   1   (0.060) 0.045 0.052 0.051 0.059 0.127 

Locus 141 : 
2 alleles
19.1% missing data
   0   (0.691) 0.658 0.696 0.682 0.754 0.711 
   1   (0.309) 0.342 0.304 0.318 0.246 0.289 

Locus 142 : 
2 alleles
16.3% missing data
   0   (0.427) 0.443 0.428 0.429 0.403 0.452 
   1   (0.573) 0.557 0.572 0.571 0.597 0.548 

Locus 143 : 
2 alleles
29.2% missing data
   0   (0.786) 0.797 0.788 0.796 0.755 0.791 
   1   (0.214) 0.203 0.212 0.204 0.245 0.209 

Locus 144 : 
2 alleles
6.7% missing data
   0   (0.914) 0.942 0.920 0.921 0.847 0.923 
   1   (0.086) 0.058 0.080 0.079 0.153 0.077 

Locus 145 : 
2 alleles
3.4% missing data
   0   (0.923) 0.952 0.921 0.939 0.909 0.893 
   1   (0.077) 0.048 0.079 0.061 0.091 0.107 

Locus 146 : 
2 alleles
17.4% missing data
   1   (0.682) 0.735 0.673 0.663 0.757 0.694 
   0   (0.318) 0.265 0.327 0.337 0.243 0.306 

Locus 147 : 
2 alleles
9.6% missing data
   0   (0.769) 0.851 0.773 0.772 0.741 0.610 
   1   (0.231) 0.149 0.227 0.228 0.259 0.390 

Locus 148 : 
2 alleles
11.8% missing data
   0   (0.895) 0.936 0.893 0.899 0.908 0.846 
   1   (0.105) 0.064 0.107 0.101 0.092 0.154 

Locus 149 : 
2 alleles
6.7% missing data
   0   (0.437) 0.459 0.432 0.429 0.426 0.512 
   1   (0.563) 0.541 0.568 0.571 0.574 0.488 

Locus 150 : 
2 alleles
44.9% missing data
   0   (0.827) 0.796 0.833 0.831 0.778 0.933 
   1   (0.173) 0.204 0.167 0.169 0.222 0.067 

Locus 151 : 
2 alleles
44.9% missing data
   1   (0.581) 0.602 0.571 0.578 0.531 0.750 
   0   (0.419) 0.398 0.429 0.422 0.469 0.250 

Locus 152 : 
2 alleles
22.5% missing data
   0   (0.856) 0.850 0.852 0.862 0.891 0.877 
   1   (0.144) 0.150 0.148 0.138 0.109 0.123 

Locus 153 : 
2 alleles
23.6% missing data
   0   (0.889) 0.895 0.899 0.880 0.907 0.919 
   1   (0.111) 0.105 0.101 0.120 0.093 0.081 

Locus 154 : 
2 alleles
6.7% missing data
   0   (0.965) 0.988 0.970 0.973 0.958 0.887 
   1   (0.035) 0.012 0.030 0.027 0.042 0.113 

Locus 155 : 
2 alleles
6.2% missing data
   0   (0.819) 0.839 0.803 0.817 0.883 0.841 
   1   (0.181) 0.161 0.197 0.183 0.117 0.159 

Locus 156 : 
2 alleles
22.5% missing data
   0   (0.918) 0.935 0.913 0.915 0.930 0.975 
   1   (0.082) 0.065 0.087 0.085 0.070 0.025 

Locus 157 : 
2 alleles
47.2% missing data
   1   (0.875) 0.870 0.881 0.873 0.898 0.898 
   0   (0.125) 0.130 0.119 0.127 0.102 0.102 

Locus 158 : 
2 alleles
34.3% missing data
   0   (0.758) 0.749 0.751 0.755 0.758 0.871 
   1   (0.242) 0.251 0.249 0.245 0.242 0.129 

Locus 159 : 
2 alleles
11.8% missing data
   1   (0.107) 0.079 0.099 0.105 0.104 0.130 
   0   (0.893) 0.921 0.901 0.895 0.896 0.870 

Locus 160 : 
2 alleles
26.4% missing data
   0   (0.937) 0.947 0.946 0.938 0.942 0.947 
   1   (0.063) 0.053 0.054 0.062 0.058 0.053 

Locus 161 : 
2 alleles
16.9% missing data
   0   (0.848) 0.874 0.853 0.850 0.878 0.715 
   1   (0.152) 0.126 0.147 0.150 0.122 0.285 

Locus 162 : 
2 alleles
18.0% missing data
   1   (0.955) 0.974 0.955 0.959 0.977 0.935 
   0   (0.045) 0.026 0.045 0.041 0.023 0.065 

Locus 163 : 
2 alleles
46.6% missing data
   1   (0.750) 0.726 0.750 0.754 0.790 0.751 
   0   (0.250) 0.274 0.250 0.246 0.210 0.249 

Locus 164 : 
2 alleles
27.0% missing data
   0   (0.899) 0.885 0.903 0.907 0.934 0.857 
   1   (0.101) 0.115 0.097 0.093 0.066 0.143 

Locus 165 : 
2 alleles
24.2% missing data
   0   (0.910) 0.956 0.918 0.911 0.875 0.881 
   1   (0.090) 0.044 0.082 0.089 0.125 0.119 

Locus 166 : 
2 alleles
46.1% missing data
   1   (0.713) 0.728 0.719 0.712 0.669 0.774 
   0   (0.287) 0.272 0.281 0.288 0.331 0.226 

Locus 167 : 
2 alleles
38.8% missing data
   0   (0.883) 0.909 0.877 0.878 0.899 0.945 
   1   (0.117) 0.091 0.123 0.122 0.101 0.055 

Locus 168 : 
2 alleles
15.2% missing data
   0   (0.819) 0.844 0.819 0.822 0.822 0.846 
   1   (0.181) 0.156 0.181 0.178 0.178 0.154 

Locus 169 : 
2 alleles
3.4% missing data
   1   (0.591) 0.625 0.582 0.586 0.567 0.691 
   0   (0.409) 0.375 0.418 0.414 0.433 0.309 

Locus 170 : 
2 alleles
43.8% missing data
   0   (0.843) 0.832 0.847 0.837 0.865 0.894 
   1   (0.157) 0.168 0.153 0.163 0.135 0.106 

Locus 171 : 
2 alleles
11.2% missing data
   0   (0.917) 0.948 0.915 0.920 0.941 0.905 
   1   (0.083) 0.052 0.085 0.080 0.059 0.095 

Locus 172 : 
2 alleles
29.2% missing data
   0   (0.845) 0.855 0.849 0.861 0.705 0.927 
   1   (0.155) 0.145 0.151 0.139 0.295 0.073 

Locus 173 : 
2 alleles
16.9% missing data
   0   (0.901) 0.911 0.907 0.907 0.877 0.940 
   1   (0.099) 0.089 0.093 0.093 0.123 0.060 

Locus 174 : 
2 alleles
16.3% missing data
   0   (0.876) 0.910 0.868 0.881 0.854 0.928 
   1   (0.124) 0.090 0.132 0.119 0.146 0.072 

Locus 175 : 
2 alleles
10.1% missing data
   0   (0.871) 0.925 0.850 0.863 0.900 0.937 
   1   (0.129) 0.075 0.150 0.137 0.100 0.063 

Locus 176 : 
2 alleles
10.7% missing data
   0   (0.778) 0.687 0.791 0.774 0.851 0.785 
   1   (0.222) 0.313 0.209 0.226 0.149 0.215 

Locus 177 : 
2 alleles
28.7% missing data
   0   (0.603) 0.669 0.594 0.583 0.628 0.690 
   1   (0.397) 0.331 0.406 0.417 0.372 0.310 

Locus 178 : 
2 alleles
18.5% missing data
   1   (0.852) 0.836 0.846 0.842 0.899 0.941 
   0   (0.148) 0.164 0.154 0.158 0.101 0.059 

Locus 179 : 
2 alleles
12.9% missing data
   0   (0.837) 0.832 0.849 0.839 0.855 0.788 
   1   (0.163) 0.168 0.151 0.161 0.145 0.212 

Locus 180 : 
2 alleles
7.9% missing data
   1   (0.955) 0.960 0.952 0.961 0.982 0.949 
   0   (0.045) 0.040 0.048 0.039 0.018 0.051 

Locus 181 : 
2 alleles
2.2% missing data
   0   (0.408) 0.423 0.406 0.389 0.410 0.516 
   1   (0.592) 0.577 0.594 0.611 0.590 0.484 

Locus 182 : 
2 alleles
26.4% missing data
   0   (0.627) 0.654 0.630 0.633 0.591 0.607 
   1   (0.373) 0.346 0.370 0.367 0.409 0.393 

Locus 183 : 
2 alleles
28.7% missing data
   1   (0.838) 0.820 0.846 0.837 0.913 0.640 
   0   (0.162) 0.180 0.154 0.163 0.087 0.360 

Locus 184 : 
2 alleles
48.3% missing data
   0   (0.903) 0.919 0.902 0.911 0.920 0.871 
   1   (0.097) 0.081 0.098 0.089 0.080 0.129 

Locus 185 : 
2 alleles
10.1% missing data
   0   (0.953) 0.956 0.958 0.958 0.972 0.932 
   1   (0.047) 0.044 0.042 0.042 0.028 0.068 

Locus 186 : 
2 alleles
1.7% missing data
   0   (0.913) 0.943 0.916 0.914 0.876 0.958 
   1   (0.087) 0.057 0.084 0.086 0.124 0.042 

Locus 187 : 
2 alleles
21.9% missing data
   0   (0.903) 0.943 0.907 0.906 0.817 0.964 
   1   (0.097) 0.057 0.093 0.094 0.183 0.036 

Locus 188 : 
2 alleles
18.5% missing data
   1   (0.944) 0.955 0.936 0.951 0.943 0.988 
   0   (0.056) 0.045 0.064 0.049 0.057 0.012 

Locus 189 : 
2 alleles
47.8% missing data
   1   (0.726) 0.756 0.733 0.741 0.677 0.620 
   0   (0.274) 0.244 0.267 0.259 0.323 0.380 

Locus 190 : 
2 alleles
52.8% missing data
   1   (0.270) 0.225 0.266 0.283 0.273 0.231 
   0   (0.730) 0.775 0.734 0.717 0.727 0.769 

Locus 191 : 
2 alleles
16.9% missing data
   0   (0.951) 0.978 0.959 0.953 0.946 0.907 
   1   (0.049) 0.022 0.041 0.047 0.054 0.093 

Locus 192 : 
2 alleles
16.9% missing data
   0   (0.905) 0.880 0.914 0.914 0.928 0.852 
   1   (0.095) 0.120 0.086 0.086 0.072 0.148 

Locus 193 : 
2 alleles
18.5% missing data
   0   (0.882) 0.879 0.884 0.869 0.918 0.948 
   1   (0.118) 0.121 0.116 0.131 0.082 0.052 

Locus 194 : 
2 alleles
3.4% missing data
   1   (0.863) 0.903 0.859 0.859 0.866 0.919 
   0   (0.137) 0.097 0.141 0.141 0.134 0.081 

Locus 195 : 
2 alleles
6.2% missing data
   0   (0.949) 0.971 0.955 0.952 0.948 0.935 
   1   (0.051) 0.029 0.045 0.048 0.052 0.065 

Locus 196 : 
2 alleles
5.6% missing data
   0   (0.965) 0.986 0.969 0.964 0.983 0.865 
   1   (0.035) 0.014 0.031 0.036 0.017 0.135 

Locus 197 : 
2 alleles
39.9% missing data
   0   (0.684) 0.694 0.685 0.677 0.665 0.804 
   1   (0.316) 0.306 0.315 0.323 0.335 0.196 

Locus 198 : 
2 alleles
14.6% missing data
   0   (0.936) 0.953 0.934 0.943 0.967 0.841 
   1   (0.064) 0.047 0.066 0.057 0.033 0.159 

Locus 199 : 
2 alleles
27.5% missing data
   0   (0.925) 0.939 0.925 0.926 0.937 0.966 
   1   (0.075) 0.061 0.075 0.074 0.063 0.034 

Locus 200 : 
2 alleles
5.6% missing data
   0   (0.914) 0.935 0.924 0.910 0.928 0.880 
   1   (0.086) 0.065 0.076 0.090 0.072 0.120 

Locus 201 : 
2 alleles
1.7% missing data
   0   (0.772) 0.768 0.759 0.770 0.845 0.780 
   1   (0.228) 0.232 0.241 0.230 0.155 0.220 

Locus 202 : 
2 alleles
14.6% missing data
   0   (0.864) 0.866 0.861 0.865 0.914 0.842 
   1   (0.136) 0.134 0.139 0.135 0.086 0.158 

Locus 203 : 
2 alleles
16.9% missing data
   0   (0.895) 0.908 0.907 0.899 0.820 0.948 
   1   (0.105) 0.092 0.093 0.101 0.180 0.052 

Locus 204 : 
2 alleles
25.3% missing data
   0   (0.851) 0.847 0.858 0.861 0.788 0.907 
   1   (0.149) 0.153 0.142 0.139 0.212 0.093 

Locus 205 : 
2 alleles
29.2% missing data
   0   (0.894) 0.878 0.892 0.889 0.920 0.969 
   1   (0.106) 0.122 0.108 0.111 0.080 0.031 

Locus 206 : 
2 alleles
50.6% missing data
   0   (0.911) 0.935 0.916 0.917 0.877 0.934 
   1   (0.089) 0.065 0.084 0.083 0.123 0.066 

Locus 207 : 
2 alleles
6.7% missing data
   0   (0.772) 0.794 0.761 0.774 0.660 0.942 
   1   (0.228) 0.206 0.239 0.226 0.340 0.058 

Locus 208 : 
2 alleles
6.7% missing data
   0   (0.879) 0.902 0.877 0.876 0.923 0.826 
   1   (0.121) 0.098 0.123 0.124 0.077 0.174 

Locus 209 : 
2 alleles
30.9% missing data
   0   (0.462) 0.462 0.467 0.464 0.431 0.482 
   1   (0.538) 0.538 0.533 0.536 0.569 0.518 

Locus 210 : 
2 alleles
33.7% missing data
   0   (0.954) 0.970 0.943 0.949 0.975 0.993 
   1   (0.046) 0.030 0.057 0.051 0.025 0.007 

Locus 211 : 
2 alleles
32.6% missing data
   0   (0.845) 0.802 0.854 0.843 0.866 0.913 
   1   (0.155) 0.198 0.146 0.157 0.134 0.087 

Locus 212 : 
2 alleles
21.3% missing data
   0   (0.846) 0.823 0.851 0.848 0.786 0.959 
   1   (0.154) 0.177 0.149 0.152 0.214 0.041 

Locus 213 : 
2 alleles
13.5% missing data
   0   (0.955) 0.979 0.951 0.961 0.973 0.882 
   1   (0.045) 0.021 0.049 0.039 0.027 0.118 

Locus 214 : 
2 alleles
19.7% missing data
   0   (0.861) 0.853 0.857 0.866 0.852 0.936 
   1   (0.139) 0.147 0.143 0.134 0.148 0.064 

Locus 215 : 
2 alleles
12.4% missing data
   1   (0.840) 0.873 0.850 0.836 0.887 0.599 
   0   (0.160) 0.127 0.150 0.164 0.113 0.401 

Locus 216 : 
2 alleles
32.0% missing data
   0   (0.923) 0.959 0.925 0.923 0.956 0.685 
   1   (0.077) 0.041 0.075 0.077 0.044 0.315 

Locus 217 : 
2 alleles
50.6% missing data
   0   (0.929) 0.964 0.922 0.926 0.958 0.928 
   1   (0.071) 0.036 0.078 0.074 0.042 0.072 

Locus 218 : 
2 alleles
54.5% missing data
   0   (0.831) 0.866 0.827 0.823 0.885 0.777 
   1   (0.169) 0.134 0.173 0.177 0.115 0.223 

Locus 219 : 
2 alleles
50.0% missing data
   0   (0.397) 0.376 0.399 0.396 0.410 0.383 
   1   (0.603) 0.624 0.601 0.604 0.590 0.617 

Locus 220 : 
2 alleles
46.6% missing data
   0   (0.813) 0.873 0.814 0.821 0.768 0.764 
   1   (0.187) 0.127 0.186 0.179 0.232 0.236 

Locus 221 : 
2 alleles
27.0% missing data
   0   (0.701) 0.713 0.712 0.712 0.685 0.600 
   1   (0.299) 0.287 0.288 0.288 0.315 0.400 

Locus 222 : 
2 alleles
54.5% missing data
   0   (0.861) 0.899 0.852 0.853 0.852 0.950 
   1   (0.139) 0.101 0.148 0.147 0.148 0.050 

Locus 223 : 
2 alleles
10.1% missing data
   0   (0.891) 0.918 0.888 0.892 0.892 0.926 
   1   (0.109) 0.082 0.112 0.108 0.108 0.074 

Locus 224 : 
2 alleles
20.8% missing data
   0   (0.292) 0.283 0.295 0.309 0.291 0.154 
   1   (0.708) 0.717 0.705 0.691 0.709 0.846 

Locus 225 : 
2 alleles
8.4% missing data
   0   (0.942) 0.950 0.946 0.951 0.961 0.883 
   1   (0.058) 0.050 0.054 0.049 0.039 0.117 

Locus 226 : 
2 alleles
15.2% missing data
   0   (0.906) 0.938 0.896 0.908 0.932 0.914 
   1   (0.094) 0.062 0.104 0.092 0.068 0.086 

Locus 227 : 
2 alleles
39.9% missing data
   0   (0.457) 0.468 0.460 0.461 0.410 0.480 
   1   (0.543) 0.532 0.540 0.539 0.590 0.520 

Locus 228 : 
2 alleles
14.0% missing data
   0   (0.803) 0.819 0.792 0.784 0.826 0.946 
   1   (0.197) 0.181 0.208 0.216 0.174 0.054 

Locus 229 : 
2 alleles
20.2% missing data
   0   (0.933) 0.942 0.940 0.936 0.970 0.730 
   1   (0.067) 0.058 0.060 0.064 0.030 0.270 

Locus 230 : 
2 alleles
75.8% missing data
   0   (0.788) 0.797 0.789 0.788 0.765 0.873 
   1   (0.212) 0.203 0.211 0.212 0.235 0.127 

Locus 231 : 
2 alleles
16.9% missing data
   1   (0.545) 0.592 0.537 0.545 0.516 0.578 
   0   (0.455) 0.408 0.463 0.455 0.484 0.422 

Locus 232 : 
2 alleles
18.0% missing data
   0   (0.275) 0.278 0.273 0.266 0.293 0.274 
   1   (0.725) 0.722 0.727 0.734 0.707 0.726 

Locus 233 : 
2 alleles
59.0% missing data
   0   (0.740) 0.716 0.730 0.731 0.737 0.922 
   1   (0.260) 0.284 0.270 0.269 0.263 0.078 

Locus 234 : 
2 alleles
23.6% missing data
   0   (0.535) 0.550 0.539 0.535 0.527 0.509 
   1   (0.465) 0.450 0.461 0.465 0.473 0.491 

Locus 235 : 
2 alleles
14.0% missing data
   0   (0.918) 0.942 0.911 0.899 0.959 0.974 
   1   (0.082) 0.058 0.089 0.101 0.041 0.026 

Locus 236 : 
2 alleles
22.5% missing data
   0   (0.210) 0.193 0.212 0.220 0.198 0.117 
   1   (0.790) 0.807 0.788 0.780 0.802 0.883 

Locus 237 : 
2 alleles
35.4% missing data
   0   (0.907) 0.894 0.912 0.914 0.874 0.970 
   1   (0.093) 0.106 0.088 0.086 0.126 0.030 

Locus 238 : 
2 alleles
20.8% missing data
   1   (0.763) 0.824 0.765 0.757 0.782 0.651 
   0   (0.237) 0.176 0.235 0.243 0.218 0.349 

Locus 239 : 
2 alleles
37.6% missing data
   0   (0.826) 0.850 0.815 0.824 0.790 0.955 
   1   (0.174) 0.150 0.185 0.176 0.210 0.045 

Locus 240 : 
2 alleles
47.8% missing data
   1   (0.181) 0.188 0.183 0.175 0.135 0.232 
   0   (0.819) 0.812 0.817 0.825 0.865 0.768 

Locus 241 : 
2 alleles
37.1% missing data
   0   (0.959) 0.975 0.962 0.963 0.978 0.923 
   1   (0.041) 0.025 0.038 0.037 0.022 0.077 

Locus 242 : 
2 alleles
2.2% missing data
   0   (0.862) 0.877 0.860 0.856 0.913 0.852 
   1   (0.138) 0.123 0.140 0.144 0.087 0.148 

Locus 243 : 
2 alleles
39.9% missing data
   0   (0.675) 0.694 0.683 0.680 0.671 0.584 
   1   (0.325) 0.306 0.317 0.320 0.329 0.416 

Locus 244 : 
2 alleles
32.6% missing data
   0   (0.932) 0.961 0.931 0.931 0.881 0.988 
   1   (0.068) 0.039 0.069 0.069 0.119 0.012 

Locus 245 : 
2 alleles
27.5% missing data
   0   (0.963) 0.977 0.966 0.967 0.985 0.937 
   1   (0.037) 0.023 0.034 0.033 0.015 0.063 

Locus 246 : 
2 alleles
62.9% missing data
   0   (0.955) 0.967 0.955 0.957 0.974 0.957 
   1   (0.045) 0.033 0.045 0.043 0.026 0.043 

Locus 247 : 
2 alleles
55.1% missing data
   0   (0.865) 0.871 0.866 0.861 0.889 0.911 
   1   (0.135) 0.129 0.134 0.139 0.111 0.089 

Locus 248 : 
2 alleles
13.5% missing data
   0   (0.921) 0.913 0.918 0.920 0.962 0.958 
   1   (0.079) 0.087 0.082 0.080 0.038 0.042 

Locus 249 : 
2 alleles
39.3% missing data
   0   (0.920) 0.931 0.923 0.914 0.916 0.979 
   1   (0.080) 0.069 0.077 0.086 0.084 0.021 

Locus 250 : 
2 alleles
19.1% missing data
   0   (0.778) 0.780 0.781 0.780 0.804 0.766 
   1   (0.222) 0.220 0.219 0.220 0.196 0.234 

Locus 251 : 
2 alleles
56.2% missing data
   0   (0.954) 0.975 0.959 0.959 0.971 0.771 
   1   (0.046) 0.025 0.041 0.041 0.029 0.229 

Locus 252 : 
2 alleles
57.9% missing data
   0   (0.809) 0.799 0.805 0.808 0.824 0.897 
   1   (0.191) 0.201 0.195 0.192 0.176 0.103 

Locus 253 : 
2 alleles
44.4% missing data
   0   (0.876) 0.929 0.880 0.883 0.842 0.790 
   1   (0.124) 0.071 0.120 0.117 0.158 0.210 

Locus 254 : 
2 alleles
8.4% missing data
   0   (0.802) 0.809 0.798 0.806 0.827 0.809 
   1   (0.198) 0.191 0.202 0.194 0.173 0.191 

Locus 255 : 
2 alleles
19.1% missing data
   0   (0.342) 0.284 0.349 0.349 0.332 0.380 
   1   (0.658) 0.716 0.651 0.651 0.668 0.620 

Locus 256 : 
2 alleles
2.2% missing data
   1   (0.894) 0.856 0.900 0.891 0.954 0.846 
   0   (0.106) 0.144 0.100 0.109 0.046 0.154 

Locus 257 : 
2 alleles
34.3% missing data
   0   (0.903) 0.909 0.904 0.907 0.925 0.893 
   1   (0.097) 0.091 0.096 0.093 0.075 0.107 

Locus 258 : 
2 alleles
33.1% missing data
   0   (0.948) 0.957 0.952 0.955 0.972 0.914 
   1   (0.052) 0.043 0.048 0.045 0.028 0.086 

Locus 259 : 
2 alleles
5.6% missing data
   0   (0.948) 0.969 0.939 0.948 0.976 0.973 
   1   (0.052) 0.031 0.061 0.052 0.024 0.027 

Locus 260 : 
2 alleles
46.1% missing data
   0   (0.748) 0.752 0.748 0.750 0.775 0.756 
   1   (0.252) 0.248 0.252 0.250 0.225 0.244 

Locus 261 : 
2 alleles
60.7% missing data
   0   (0.941) 0.958 0.943 0.944 0.953 0.946 
   1   (0.059) 0.042 0.057 0.056 0.047 0.054 

Locus 262 : 
2 alleles
51.1% missing data
   0   (0.783) 0.797 0.768 0.776 0.817 0.885 
   1   (0.217) 0.203 0.232 0.224 0.183 0.115 

Locus 263 : 
2 alleles
18.5% missing data
   0   (0.560) 0.537 0.573 0.558 0.572 0.539 
   1   (0.440) 0.463 0.427 0.442 0.428 0.461 

Locus 264 : 
2 alleles
53.9% missing data
   0   (0.296) 0.278 0.310 0.300 0.242 0.286 
   1   (0.704) 0.722 0.690 0.700 0.758 0.714 

Locus 265 : 
2 alleles
21.3% missing data
   0   (0.891) 0.872 0.905 0.898 0.875 0.907 
   1   (0.109) 0.128 0.095 0.102 0.125 0.093 

Locus 266 : 
2 alleles
19.7% missing data
   0   (0.914) 0.945 0.925 0.925 0.869 0.784 
   1   (0.086) 0.055 0.075 0.075 0.131 0.216 

Locus 267 : 
2 alleles
6.2% missing data
   1   (0.714) 0.720 0.702 0.710 0.793 0.684 
   0   (0.286) 0.280 0.298 0.290 0.207 0.316 

Locus 268 : 
2 alleles
9.6% missing data
   0   (0.546) 0.570 0.545 0.548 0.467 0.651 
   1   (0.454) 0.430 0.455 0.452 0.533 0.349 

Locus 269 : 
2 alleles
49.4% missing data
   0   (0.558) 0.545 0.565 0.571 0.543 0.459 
   1   (0.442) 0.455 0.435 0.429 0.457 0.541 

Locus 270 : 
2 alleles
10.1% missing data
   0   (0.554) 0.457 0.562 0.559 0.626 0.537 
   1   (0.446) 0.543 0.438 0.441 0.374 0.463 

Locus 271 : 
2 alleles
16.3% missing data
   0   (0.902) 0.945 0.880 0.906 0.937 0.906 
   1   (0.098) 0.055 0.120 0.094 0.063 0.094 

Locus 272 : 
2 alleles
24.2% missing data
   0   (0.907) 0.922 0.910 0.912 0.872 0.954 
   1   (0.093) 0.078 0.090 0.088 0.128 0.046 

Locus 273 : 
2 alleles
59.6% missing data
   0   (0.804) 0.775 0.797 0.804 0.814 0.929 
   1   (0.196) 0.225 0.203 0.196 0.186 0.071 

Locus 274 : 
2 alleles
16.9% missing data
   0   (0.946) 0.976 0.937 0.943 0.966 0.980 
   1   (0.054) 0.024 0.063 0.057 0.034 0.020 

Locus 275 : 
2 alleles
62.4% missing data
   0   (0.876) 0.867 0.874 0.880 0.868 0.954 
   1   (0.124) 0.133 0.126 0.120 0.132 0.046 

Locus 276 : 
2 alleles
10.7% missing data
   0   (0.938) 0.942 0.942 0.944 0.965 0.908 
   1   (0.062) 0.058 0.058 0.056 0.035 0.092 

Locus 277 : 
2 alleles
9.6% missing data
   0   (0.953) 0.925 0.961 0.960 0.980 0.890 
   1   (0.047) 0.075 0.039 0.040 0.020 0.110 

Locus 278 : 
2 alleles
46.6% missing data
   0   (0.243) 0.193 0.249 0.232 0.241 0.349 
   1   (0.757) 0.807 0.751 0.768 0.759 0.651 

Locus 279 : 
2 alleles
37.1% missing data
   0   (0.775) 0.747 0.772 0.775 0.757 0.914 
   1   (0.225) 0.253 0.228 0.225 0.243 0.086 

Locus 280 : 
2 alleles
9.6% missing data
   0   (0.876) 0.892 0.880 0.871 0.901 0.869 
   1   (0.124) 0.108 0.120 0.129 0.099 0.131 

Locus 281 : 
2 alleles
6.7% missing data
   0   (0.769) 0.725 0.769 0.782 0.799 0.776 
   1   (0.231) 0.275 0.231 0.218 0.201 0.224 

Locus 282 : 
2 alleles
19.1% missing data
   0   (0.659) 0.676 0.648 0.645 0.701 0.781 
   1   (0.341) 0.324 0.352 0.355 0.299 0.219 

Locus 283 : 
2 alleles
9.0% missing data
   0   (0.899) 0.907 0.893 0.901 0.920 0.951 
   1   (0.101) 0.093 0.107 0.099 0.080 0.049 

Locus 284 : 
2 alleles
7.9% missing data
   0   (0.858) 0.900 0.851 0.857 0.870 0.894 
   1   (0.142) 0.100 0.149 0.143 0.130 0.106 

Locus 285 : 
2 alleles
5.6% missing data
   0   (0.798) 0.826 0.799 0.793 0.834 0.779 
   1   (0.202) 0.174 0.201 0.207 0.166 0.221 

Locus 286 : 
2 alleles
29.2% missing data
   0   (0.937) 0.965 0.941 0.940 0.930 0.917 
   1   (0.063) 0.035 0.059 0.060 0.070 0.083 

Locus 287 : 
2 alleles
9.0% missing data
   0   (0.912) 0.893 0.915 0.916 0.952 0.906 
   1   (0.088) 0.107 0.085 0.084 0.048 0.094 

Locus 288 : 
2 alleles
8.4% missing data
   1   (0.874) 0.903 0.878 0.880 0.870 0.819 
   0   (0.126) 0.097 0.122 0.120 0.130 0.181 

Locus 289 : 
2 alleles
24.7% missing data
   0   (0.723) 0.687 0.727 0.729 0.684 0.831 
   1   (0.277) 0.313 0.273 0.271 0.316 0.169 

Locus 290 : 
2 alleles
32.0% missing data
   0   (0.419) 0.406 0.405 0.419 0.484 0.390 
   1   (0.581) 0.594 0.595 0.581 0.516 0.610 

Locus 291 : 
2 alleles
47.2% missing data
   0   (0.776) 0.809 0.768 0.775 0.779 0.841 
   1   (0.224) 0.191 0.232 0.225 0.221 0.159 

Locus 292 : 
2 alleles
21.3% missing data
   0   (0.967) 0.984 0.965 0.973 0.981 0.935 
   1   (0.033) 0.016 0.035 0.027 0.019 0.065 

Locus 293 : 
2 alleles
33.7% missing data
   0   (0.855) 0.888 0.849 0.842 0.831 0.971 
   1   (0.145) 0.112 0.151 0.158 0.169 0.029 

Locus 294 : 
2 alleles
57.3% missing data
   1   (0.224) 0.181 0.197 0.200 0.294 0.691 
   0   (0.776) 0.819 0.803 0.800 0.706 0.309 

Locus 295 : 
2 alleles
20.8% missing data
   0   (0.848) 0.840 0.848 0.853 0.878 0.853 
   1   (0.152) 0.160 0.152 0.147 0.122 0.147 

Locus 296 : 
2 alleles
26.4% missing data
   0   (0.785) 0.797 0.768 0.776 0.785 0.938 
   1   (0.215) 0.203 0.232 0.224 0.215 0.062 

Locus 297 : 
2 alleles
9.6% missing data
   0   (0.940) 0.935 0.949 0.940 0.960 0.946 
   1   (0.060) 0.065 0.051 0.060 0.040 0.054 

Locus 298 : 
2 alleles
34.8% missing data
   0   (0.874) 0.890 0.884 0.878 0.899 0.755 
   1   (0.126) 0.110 0.116 0.122 0.101 0.245 

Locus 299 : 
2 alleles
7.3% missing data
   1   (0.910) 0.910 0.923 0.913 0.932 0.817 
   0   (0.090) 0.090 0.077 0.087 0.068 0.183 

Locus 300 : 
2 alleles
28.7% missing data
   0   (0.754) 0.578 0.771 0.786 0.767 0.707 
   1   (0.246) 0.422 0.229 0.214 0.233 0.293 

Values of parameters used in structure:
DATAFILE=/Users/Amy 1/Desktop/Population_Genetics/Lab/R/Lab_8/Lab8_2/project_data,	OUTFILE=/Users/Amy 1/Desktop/Population_Genetics/Lab/R/Lab_8/Lab8_2/Set_One/Results/Set_One_run_14,	NUMINDS=178,	NUMLOCI=300,	MISSING=-9,	LABEL=1,	POPDATA=1,	POPFLAG=0,	PHENOTYPE=0,	EXTRACOLS=0,	MAXPOPS=5,	BURNIN=5000,	NUMREPS=10000,	USEPOPINFO=0,	INFERALPHA=1,	INFERLAMBDA=0,	POPSPECIFICLAMBDA=0,	POPALPHAS=0,	COMPUTEPROB=1,	NOADMIX=0,	ADMBURNIN=2500,	UPDATEFREQ=1,	PRINTLIKES=0,	INTERMEDSAVE=0,	PRINTKLD=0,	PRINTNET=0,	PRINTLAMBDA=0,	ANCESTDIST=0,	NUMBOXES=1000,	ANCESTPINT=0.90000,	GENSBACK=2,	MIGRPRIOR=0.05000,	PRINTQHAT=0,	PRINTQSUM=0,	ALPHA=1.0000,	FREQSCORR=1,	FPRIORMEAN=0.0100,	FPRIORSD=0.0500,	ONEFST=0,	LAMBDA=1.0000,	UNIFPRIORALPHA=1,	ALPHAMAX=10.0000,	ALPHAPRIORA=1.0000,	ALPHAPRIORB=2.0000,	ALPHAPROPSD=0.0250,	STARTATPOPINFO=0,	RANDOMIZE=1,	LINKAGE=0,	METROFREQ=10,	REPORTHITRATE=0,	MARKOVPHASE=-1,	PHASED=0,	PLOIDY=2,	PHASEINFO=0	LOCPRIOR=0, 	LOCPRIORINIT=1.000000, 	LOCDATA=0, 	LOCISPOP=0, 	LOCPRIORSTEP=0.100000, 	MAXLOCPRIOR=20.000000, 	SEED=1571414429,	
[STRAT parameters]:    NUMSIMSTATS=1000,	PHENOTYPECOL=-9,	POOLFREQ=10,	LOCUSxONLY=0,	EMERROR=0.00100,	MISSINGPHENO=-9,	