

----------------------------------------------------
STRUCTURE by Pritchard, Stephens and Donnelly (2000)
     and Falush, Stephens and Pritchard (2003)
       Code by Pritchard, Falush and Hubisz
             Version 2.3.4 (Jul 2012)
----------------------------------------------------



Command line arguments:   bin/structure -m "/Users/Amy 1/Desktop/Population_Genetics/Lab/R/Lab_8/Lab8_2/Set_One/mainparams" -e "/Users/Amy 1/Desktop/Population_Genetics/Lab/R/Lab_8/Lab8_2/Set_One/extraparams" 
Input File:    /Users/Amy 1/Desktop/Population_Genetics/Lab/R/Lab_8/Lab8_2/project_data

Run parameters:
   178 individuals
   300 loci
   4 populations assumed
   5000 Burn-in period
   10000 Reps


--------------------------------------------
Proportion of membership of each pre-defined
 population in each of the 4 clusters

Given    Inferred Clusters              Number of
 Pop       1      2      3      4      Individuals

  1:     0.787  0.035  0.043  0.136       12
  2:     0.835  0.028  0.034  0.103       15
  3:     0.752  0.045  0.035  0.168       37
  4:     0.641  0.083  0.059  0.216       17
  5:     0.763  0.026  0.037  0.173        4
  6:     0.697  0.057  0.071  0.175       36
  7:     0.230  0.271  0.219  0.280       21
  8:     0.027  0.356  0.463  0.155       14
  9:     0.019  0.453  0.397  0.131       22
--------------------------------------------

Allele-freq. divergence among pops (Net nucleotide distance),
computed using point estimates of P.

      1       2       3       4      
 1      -    0.0121  0.0119  0.0048  
 2   0.0121     -    0.0048  0.0032  
 3   0.0119  0.0048     -    0.0031  
 4   0.0048  0.0032  0.0031     -    

Average distances (expected heterozygosity) between individuals in same cluster:
cluster  1  : 0.2482 
cluster  2  : 0.2568 
cluster  3  : 0.2614 
cluster  4  : 0.2765 

--------------------------------------------
Estimated Ln Prob of Data   = -33244.6
Mean value of ln likelihood = -31954.4
Variance of ln likelihood   = 2580.5
Mean value of alpha         = 0.1066

Mean value of Fst_1         = 0.0607
Mean value of Fst_2         = 0.0626
Mean value of Fst_3         = 0.0569
Mean value of Fst_4         = 0.0082


Inferred ancestry of individuals:
        Label (%Miss) Pop:  Inferred clusters
  1     1084    (6)    9 :  0.015 0.577 0.244 0.164 
  2     1085   (10)    9 :  0.039 0.293 0.178 0.489 
  3     1086    (3)    9 :  0.017 0.824 0.074 0.085 
  4     1087   (12)    9 :  0.011 0.917 0.045 0.026 
  5     1088    (5)    9 :  0.016 0.095 0.860 0.029 
  6     1089    (6)    9 :  0.023 0.449 0.418 0.110 
  7     1090    (5)    9 :  0.018 0.080 0.631 0.272 
  8     1091   (14)    9 :  0.017 0.033 0.915 0.036 
  9     1092   (22)    9 :  0.015 0.442 0.152 0.391 
 10     1093    (3)    9 :  0.036 0.503 0.218 0.242 
 11     1094   (14)    9 :  0.038 0.213 0.580 0.168 
 12     1095    (6)    9 :  0.008 0.226 0.737 0.029 
 13     1096    (8)    9 :  0.030 0.768 0.110 0.093 
 14     1097    (3)    9 :  0.009 0.025 0.954 0.011 
 15     1098    (2)    9 :  0.022 0.769 0.161 0.048 
 16     1099    (1)    9 :  0.008 0.446 0.289 0.257 
 17     1100    (5)    9 :  0.010 0.271 0.705 0.013 
 18     1101    (7)    9 :  0.032 0.576 0.244 0.148 
 19     1102    (8)    9 :  0.024 0.575 0.280 0.121 
 20     1103    (6)    9 :  0.011 0.869 0.071 0.050 
 21     1104    (9)    9 :  0.008 0.952 0.026 0.014 
 22     1105    (2)    9 :  0.011 0.071 0.835 0.082 
 23     1235    (3)    2 :  0.945 0.010 0.010 0.035 
 24     1236    (5)    2 :  0.832 0.016 0.109 0.043 
 25     1237    (8)    2 :  0.964 0.007 0.010 0.019 
 26     1238    (7)    2 :  0.947 0.014 0.015 0.024 
 27     1239    (5)    2 :  0.756 0.059 0.031 0.154 
 28     1240   (15)    2 :  0.931 0.009 0.017 0.042 
 29     1241   (16)    2 :  0.859 0.039 0.075 0.027 
 30     1242    (5)    2 :  0.394 0.044 0.069 0.493 
 31     1243    (8)    2 :  0.886 0.032 0.017 0.066 
 32     1244   (12)    2 :  0.968 0.007 0.007 0.018 
 33     1245   (20)    2 :  0.878 0.019 0.025 0.077 
 34     1246   (20)    2 :  0.761 0.054 0.030 0.155 
 35     1247   (11)    2 :  0.733 0.042 0.021 0.204 
 36     1248   (12)    2 :  0.845 0.035 0.034 0.085 
 37     1249    (9)    2 :  0.828 0.035 0.035 0.102 
 38     1253   (20)    8 :  0.021 0.362 0.586 0.031 
 39     1254   (12)    8 :  0.012 0.099 0.827 0.062 
 40     1255   (14)    8 :  0.007 0.566 0.407 0.020 
 41     1256   (24)    8 :  0.014 0.088 0.841 0.058 
 42     1257    (6)    8 :  0.014 0.231 0.184 0.571 
 43     1258   (23)    8 :  0.017 0.075 0.872 0.037 
 44     1259   (10)    8 :  0.014 0.191 0.642 0.153 
 45     1260   (36)    8 :  0.032 0.126 0.428 0.414 
 46     1261   (49)    8 :  0.039 0.471 0.134 0.356 
 47     1262   (29)    8 :  0.016 0.031 0.867 0.086 
 48     1263   (12)    8 :  0.009 0.937 0.032 0.022 
 49     1264   (48)    8 :  0.009 0.872 0.065 0.055 
 50     1265   (13)    8 :  0.011 0.501 0.451 0.037 
 51     1266   (26)    8 :  0.157 0.430 0.151 0.261 
 52     1637   (25)    1 :  0.907 0.037 0.032 0.024 
 53     1638   (19)    1 :  0.713 0.063 0.135 0.088 
 54     1639   (21)    1 :  0.888 0.021 0.017 0.074 
 55     1640   (21)    1 :  0.889 0.029 0.026 0.057 
 56     1641   (82)    1 :  0.498 0.075 0.054 0.374 
 57     1642   (55)    1 :  0.891 0.018 0.043 0.047 
 58     1643   (41)    1 :  0.664 0.036 0.030 0.271 
 59     1644   (53)    1 :  0.926 0.012 0.019 0.042 
 60     1645   (47)    1 :  0.749 0.013 0.017 0.221 
 61     1646   (49)    1 :  0.788 0.050 0.017 0.144 
 62     1647   (51)    1 :  0.928 0.018 0.032 0.022 
 63     1648   (55)    1 :  0.598 0.043 0.097 0.262 
 64     1649   (28)    3 :  0.925 0.012 0.020 0.043 
 65     1650   (26)    3 :  0.892 0.013 0.019 0.076 
 66     1651   (19)    3 :  0.866 0.033 0.046 0.055 
 67     1652   (17)    3 :  0.694 0.020 0.028 0.257 
 68     1653   (17)    3 :  0.907 0.024 0.019 0.050 
 69     1654   (33)    3 :  0.852 0.046 0.022 0.080 
 70     1655   (33)    3 :  0.748 0.022 0.032 0.198 
 71     1656   (20)    3 :  0.825 0.029 0.013 0.133 
 72     1657   (38)    3 :  0.914 0.010 0.035 0.040 
 73     1658   (22)    3 :  0.740 0.078 0.031 0.152 
 74     1659   (16)    3 :  0.607 0.049 0.027 0.317 
 75     1660   (24)    3 :  0.942 0.011 0.017 0.030 
 76     1661   (26)    3 :  0.791 0.073 0.033 0.104 
 77     1662   (36)    3 :  0.038 0.084 0.064 0.814 
 78     1663   (30)    3 :  0.954 0.009 0.015 0.022 
 79     1664   (19)    3 :  0.875 0.019 0.035 0.071 
 80     1665   (43)    3 :  0.884 0.026 0.030 0.060 
 81     1666   (33)    3 :  0.834 0.041 0.044 0.080 
 82     1667   (30)    3 :  0.721 0.122 0.035 0.122 
 83     1668   (15)    3 :  0.901 0.022 0.025 0.052 
 84     1669   (37)    3 :  0.456 0.058 0.084 0.402 
 85     1670   (61)    3 :  0.478 0.051 0.037 0.434 
 86     1671   (42)    3 :  0.695 0.054 0.047 0.204 
 87     1672   (29)    3 :  0.902 0.026 0.017 0.055 
 88     1673   (59)    3 :  0.584 0.042 0.110 0.264 
 89     1674   (20)    3 :  0.855 0.015 0.035 0.095 
 90     1675   (49)    3 :  0.503 0.157 0.054 0.287 
 91     1676   (20)    3 :  0.668 0.013 0.047 0.271 
 92     1677   (24)    3 :  0.880 0.030 0.019 0.071 
 93     1678   (32)    3 :  0.970 0.008 0.007 0.015 
 94     1679   (36)    3 :  0.251 0.134 0.054 0.560 
 95     1680   (17)    3 :  0.573 0.229 0.034 0.164 
 96     1681   (29)    3 :  0.883 0.011 0.035 0.070 
 97     1682   (39)    3 :  0.895 0.028 0.032 0.044 
 98     1683   (39)    3 :  0.639 0.018 0.023 0.320 
 99     1684   (31)    3 :  0.816 0.014 0.025 0.144 
100     1685   (16)    3 :  0.851 0.050 0.034 0.065 
101     1686   (17)    6 :  0.721 0.038 0.040 0.202 
102     1687   (38)    6 :  0.501 0.029 0.040 0.431 
103     1688   (16)    6 :  0.931 0.020 0.034 0.016 
104     1689   (22)    6 :  0.800 0.042 0.114 0.043 
105     1690   (11)    6 :  0.972 0.007 0.010 0.011 
106     1691   (24)    6 :  0.814 0.032 0.038 0.116 
107     1692   (23)    6 :  0.388 0.057 0.103 0.452 
108     1693   (21)    6 :  0.776 0.023 0.017 0.184 
109     1694   (40)    6 :  0.736 0.024 0.029 0.210 
110     1695   (13)    6 :  0.672 0.030 0.048 0.249 
111     1696   (15)    6 :  0.705 0.063 0.138 0.094 
112     1697   (19)    6 :  0.777 0.084 0.024 0.115 
113     1698   (13)    6 :  0.491 0.239 0.024 0.246 
114     1699   (23)    6 :  0.662 0.152 0.061 0.126 
115     1700   (13)    6 :  0.920 0.011 0.013 0.057 
116     1701   (15)    6 :  0.258 0.067 0.552 0.123 
117     1702   (37)    6 :  0.616 0.114 0.040 0.230 
118     1703   (16)    6 :  0.806 0.031 0.070 0.092 
119     1704   (24)    6 :  0.884 0.017 0.031 0.068 
120     1705   (13)    6 :  0.853 0.025 0.020 0.103 
121     1706   (19)    6 :  0.891 0.023 0.034 0.052 
122     1707   (41)    6 :  0.582 0.024 0.090 0.304 
123     1708   (19)    6 :  0.885 0.021 0.046 0.047 
124     1709   (52)    6 :  0.040 0.218 0.125 0.617 
125     1710   (32)    6 :  0.709 0.039 0.049 0.203 
126     1711   (39)    6 :  0.881 0.012 0.043 0.064 
127     1712   (26)    6 :  0.651 0.119 0.025 0.205 
128     1713   (32)    6 :  0.399 0.059 0.049 0.493 
129     1714   (30)    6 :  0.535 0.179 0.012 0.274 
130     1715   (19)    6 :  0.721 0.046 0.072 0.161 
131     1716   (27)    6 :  0.639 0.043 0.048 0.269 
132     1717   (26)    6 :  0.907 0.017 0.017 0.059 
133     1718   (42)    6 :  0.888 0.019 0.017 0.076 
134     1719   (23)    6 :  0.907 0.010 0.015 0.068 
135     1720   (29)    6 :  0.828 0.057 0.027 0.089 
136     1721   (24)    6 :  0.342 0.065 0.435 0.158 
137     1722   (13)    5 :  0.888 0.011 0.016 0.085 
138     1723   (20)    5 :  0.681 0.022 0.049 0.248 
139     1724   (19)    5 :  0.730 0.032 0.049 0.190 
140     1725   (25)    5 :  0.753 0.040 0.036 0.171 
141     1726   (20)    4 :  0.576 0.083 0.136 0.205 
142     1727   (30)    4 :  0.941 0.030 0.013 0.016 
143     1728   (52)    4 :  0.285 0.550 0.031 0.134 
144     1729   (30)    4 :  0.216 0.104 0.179 0.500 
145     1730   (30)    4 :  0.945 0.010 0.023 0.022 
146     1731   (58)    4 :  0.180 0.034 0.230 0.556 
147     1732   (56)    4 :  0.488 0.032 0.041 0.439 
148     1733   (22)    4 :  0.739 0.182 0.025 0.054 
149     1734   (39)    4 :  0.677 0.047 0.016 0.259 
150     1735   (49)    4 :  0.890 0.045 0.012 0.053 
151     1736   (26)    4 :  0.896 0.030 0.024 0.051 
152     1737   (14)    4 :  0.781 0.036 0.042 0.141 
153     1738   (20)    4 :  0.601 0.059 0.101 0.239 
154     1739   (16)    4 :  0.870 0.012 0.015 0.102 
155     1740   (30)    4 :  0.669 0.072 0.017 0.242 
156     1741   (49)    4 :  0.448 0.041 0.066 0.446 
157     1742   (39)    4 :  0.698 0.051 0.039 0.212 
158     1743   (27)    7 :  0.051 0.687 0.100 0.162 
159     1744   (53)    7 :  0.085 0.321 0.178 0.416 
160     1746   (59)    7 :  0.041 0.143 0.531 0.286 
161     1747   (31)    7 :  0.500 0.099 0.071 0.331 
162     1748   (34)    7 :  0.562 0.192 0.069 0.177 
163     1749   (14)    7 :  0.296 0.401 0.130 0.173 
164     1750   (30)    7 :  0.250 0.158 0.095 0.498 
165     1751   (19)    7 :  0.243 0.306 0.110 0.340 
166     1752   (43)    7 :  0.081 0.339 0.300 0.279 
167     1753   (25)    7 :  0.450 0.307 0.057 0.185 
168     1754   (53)    7 :  0.219 0.036 0.181 0.564 
169     1755   (15)    7 :  0.051 0.723 0.039 0.187 
170     1756   (11)    7 :  0.301 0.019 0.571 0.110 
171     1757   (60)    7 :  0.070 0.116 0.227 0.588 
172     1758   (60)    7 :  0.056 0.077 0.731 0.136 
173     1759   (36)    7 :  0.042 0.619 0.226 0.113 
174     1760   (24)    7 :  0.312 0.616 0.037 0.036 
175     1761   (10)    7 :  0.889 0.066 0.022 0.023 
176     1762   (18)    7 :  0.089 0.187 0.353 0.372 
177     1763   (45)    7 :  0.081 0.151 0.399 0.369 
178     1764   (16)    7 :  0.160 0.135 0.166 0.539 


Estimated Allele Frequencies in each cluster
First column gives estimated ancestral frequencies


Locus 1 : 
2 alleles
29.8% missing data
   0   (0.661) 0.719 0.581 0.754 0.655 
   1   (0.339) 0.281 0.419 0.246 0.345 

Locus 2 : 
2 alleles
21.3% missing data
   0   (0.718) 0.841 0.686 0.659 0.721 
   1   (0.282) 0.159 0.314 0.341 0.279 

Locus 3 : 
2 alleles
12.4% missing data
   0   (0.350) 0.321 0.340 0.388 0.347 
   1   (0.650) 0.679 0.660 0.612 0.653 

Locus 4 : 
2 alleles
48.9% missing data
   0   (0.842) 0.879 0.878 0.826 0.844 
   1   (0.158) 0.121 0.122 0.174 0.156 

Locus 5 : 
2 alleles
60.1% missing data
   0   (0.920) 0.885 0.946 0.963 0.922 
   1   (0.080) 0.115 0.054 0.037 0.078 

Locus 6 : 
2 alleles
28.1% missing data
   0   (0.868) 0.866 0.915 0.892 0.867 
   1   (0.132) 0.134 0.085 0.108 0.133 

Locus 7 : 
2 alleles
61.2% missing data
   0   (0.823) 0.837 0.860 0.803 0.828 
   1   (0.177) 0.163 0.140 0.197 0.172 

Locus 8 : 
2 alleles
62.4% missing data
   0   (0.818) 0.831 0.859 0.798 0.822 
   1   (0.182) 0.169 0.141 0.202 0.178 

Locus 9 : 
2 alleles
18.0% missing data
   0   (0.954) 0.969 0.964 0.982 0.956 
   1   (0.046) 0.031 0.036 0.018 0.044 

Locus 10 : 
2 alleles
8.4% missing data
   0   (0.297) 0.225 0.254 0.356 0.298 
   1   (0.703) 0.775 0.746 0.644 0.702 

Locus 11 : 
2 alleles
15.2% missing data
   0   (0.855) 0.870 0.894 0.805 0.861 
   1   (0.145) 0.130 0.106 0.195 0.139 

Locus 12 : 
2 alleles
18.0% missing data
   0   (0.912) 0.945 0.914 0.937 0.914 
   1   (0.088) 0.055 0.086 0.063 0.086 

Locus 13 : 
2 alleles
28.1% missing data
   1   (0.920) 0.971 0.920 0.947 0.919 
   0   (0.080) 0.029 0.080 0.053 0.081 

Locus 14 : 
2 alleles
22.5% missing data
   0   (0.754) 0.873 0.799 0.587 0.755 
   1   (0.246) 0.127 0.201 0.413 0.245 

Locus 15 : 
2 alleles
23.0% missing data
   0   (0.748) 0.872 0.798 0.583 0.750 
   1   (0.252) 0.128 0.202 0.417 0.250 

Locus 16 : 
2 alleles
20.8% missing data
   0   (0.880) 0.851 0.919 0.934 0.876 
   1   (0.120) 0.149 0.081 0.066 0.124 

Locus 17 : 
2 alleles
11.8% missing data
   1   (0.744) 0.689 0.767 0.800 0.746 
   0   (0.256) 0.311 0.233 0.200 0.254 

Locus 18 : 
2 alleles
46.1% missing data
   0   (0.928) 0.912 0.941 0.969 0.931 
   1   (0.072) 0.088 0.059 0.031 0.069 

Locus 19 : 
2 alleles
46.6% missing data
   0   (0.882) 0.900 0.922 0.888 0.883 
   1   (0.118) 0.100 0.078 0.112 0.117 

Locus 20 : 
2 alleles
2.8% missing data
   0   (0.875) 0.943 0.863 0.881 0.876 
   1   (0.125) 0.057 0.137 0.119 0.124 

Locus 21 : 
2 alleles
6.7% missing data
   1   (0.853) 0.872 0.871 0.880 0.855 
   0   (0.147) 0.128 0.129 0.120 0.145 

Locus 22 : 
2 alleles
9.0% missing data
   1   (0.836) 0.933 0.814 0.717 0.845 
   0   (0.164) 0.067 0.186 0.283 0.155 

Locus 23 : 
2 alleles
32.6% missing data
   0   (0.916) 0.932 0.927 0.956 0.917 
   1   (0.084) 0.068 0.073 0.044 0.083 

Locus 24 : 
2 alleles
50.6% missing data
   0   (0.922) 0.874 0.963 0.968 0.919 
   1   (0.078) 0.126 0.037 0.032 0.081 

Locus 25 : 
2 alleles
36.0% missing data
   0   (0.635) 0.603 0.736 0.534 0.644 
   1   (0.365) 0.397 0.264 0.466 0.356 

Locus 26 : 
2 alleles
21.9% missing data
   0   (0.920) 0.981 0.862 0.896 0.927 
   1   (0.080) 0.019 0.138 0.104 0.073 

Locus 27 : 
2 alleles
10.1% missing data
   0   (0.854) 0.860 0.892 0.837 0.861 
   1   (0.146) 0.140 0.108 0.163 0.139 

Locus 28 : 
2 alleles
39.3% missing data
   0   (0.885) 0.954 0.853 0.838 0.891 
   1   (0.115) 0.046 0.147 0.162 0.109 

Locus 29 : 
2 alleles
34.3% missing data
   1   (0.447) 0.471 0.472 0.434 0.439 
   0   (0.553) 0.529 0.528 0.566 0.561 

Locus 30 : 
2 alleles
48.3% missing data
   0   (0.818) 0.892 0.802 0.810 0.821 
   1   (0.182) 0.108 0.198 0.190 0.179 

Locus 31 : 
2 alleles
20.2% missing data
   0   (0.883) 0.955 0.867 0.765 0.894 
   1   (0.117) 0.045 0.133 0.235 0.106 

Locus 32 : 
2 alleles
1.1% missing data
   0   (0.874) 0.829 0.954 0.907 0.869 
   1   (0.126) 0.171 0.046 0.093 0.131 

Locus 33 : 
2 alleles
31.5% missing data
   0   (0.924) 0.985 0.837 0.853 0.934 
   1   (0.076) 0.015 0.163 0.147 0.066 

Locus 34 : 
2 alleles
33.1% missing data
   1   (0.875) 0.848 0.926 0.926 0.871 
   0   (0.125) 0.152 0.074 0.074 0.129 

Locus 35 : 
2 alleles
28.1% missing data
   0   (0.793) 0.776 0.820 0.854 0.789 
   1   (0.207) 0.224 0.180 0.146 0.211 

Locus 36 : 
2 alleles
21.3% missing data
   0   (0.866) 0.942 0.785 0.843 0.870 
   1   (0.134) 0.058 0.215 0.157 0.130 

Locus 37 : 
2 alleles
9.0% missing data
   0   (0.816) 0.797 0.777 0.895 0.816 
   1   (0.184) 0.203 0.223 0.105 0.184 

Locus 38 : 
2 alleles
23.6% missing data
   0   (0.928) 0.966 0.963 0.949 0.923 
   1   (0.072) 0.034 0.037 0.051 0.077 

Locus 39 : 
2 alleles
34.8% missing data
   0   (0.828) 0.775 0.870 0.883 0.828 
   1   (0.172) 0.225 0.130 0.117 0.172 

Locus 40 : 
2 alleles
20.2% missing data
   0   (0.774) 0.718 0.855 0.765 0.775 
   1   (0.226) 0.282 0.145 0.235 0.225 

Locus 41 : 
2 alleles
52.8% missing data
   0   (0.865) 0.951 0.799 0.874 0.866 
   1   (0.135) 0.049 0.201 0.126 0.134 

Locus 42 : 
2 alleles
22.5% missing data
   0   (0.898) 0.913 0.909 0.947 0.895 
   1   (0.102) 0.087 0.091 0.053 0.105 

Locus 43 : 
2 alleles
22.5% missing data
   0   (0.825) 0.860 0.869 0.730 0.835 
   1   (0.175) 0.140 0.131 0.270 0.165 

Locus 44 : 
2 alleles
18.0% missing data
   0   (0.920) 0.966 0.946 0.912 0.920 
   1   (0.080) 0.034 0.054 0.088 0.080 

Locus 45 : 
2 alleles
52.2% missing data
   0   (0.808) 0.762 0.869 0.856 0.801 
   1   (0.192) 0.238 0.131 0.144 0.199 

Locus 46 : 
2 alleles
25.3% missing data
   0   (0.892) 0.975 0.852 0.861 0.894 
   1   (0.108) 0.025 0.148 0.139 0.106 

Locus 47 : 
2 alleles
18.5% missing data
   0   (0.904) 0.939 0.793 0.932 0.915 
   1   (0.096) 0.061 0.207 0.068 0.085 

Locus 48 : 
2 alleles
57.3% missing data
   0   (0.969) 0.993 0.989 0.934 0.973 
   1   (0.031) 0.007 0.011 0.066 0.027 

Locus 49 : 
2 alleles
51.7% missing data
   0   (0.856) 0.899 0.871 0.824 0.861 
   1   (0.144) 0.101 0.129 0.176 0.139 

Locus 50 : 
2 alleles
11.2% missing data
   0   (0.611) 0.772 0.511 0.580 0.608 
   1   (0.389) 0.228 0.489 0.420 0.392 

Locus 51 : 
2 alleles
18.0% missing data
   0   (0.629) 0.683 0.590 0.497 0.647 
   1   (0.371) 0.317 0.410 0.503 0.353 

Locus 52 : 
2 alleles
33.7% missing data
   0   (0.724) 0.687 0.779 0.748 0.720 
   1   (0.276) 0.313 0.221 0.252 0.280 

Locus 53 : 
2 alleles
8.4% missing data
   0   (0.218) 0.176 0.201 0.277 0.210 
   1   (0.782) 0.824 0.799 0.723 0.790 

Locus 54 : 
2 alleles
22.5% missing data
   0   (0.902) 0.948 0.932 0.923 0.898 
   1   (0.098) 0.052 0.068 0.077 0.102 

Locus 55 : 
2 alleles
19.1% missing data
   0   (0.781) 0.709 0.761 0.863 0.784 
   1   (0.219) 0.291 0.239 0.137 0.216 

Locus 56 : 
2 alleles
10.1% missing data
   0   (0.900) 0.866 0.941 0.893 0.909 
   1   (0.100) 0.134 0.059 0.107 0.091 

Locus 57 : 
2 alleles
13.5% missing data
   0   (0.515) 0.535 0.503 0.506 0.514 
   1   (0.485) 0.465 0.497 0.494 0.486 

Locus 58 : 
2 alleles
33.1% missing data
   0   (0.629) 0.610 0.673 0.686 0.621 
   1   (0.371) 0.390 0.327 0.314 0.379 

Locus 59 : 
2 alleles
32.6% missing data
   0   (0.619) 0.214 0.834 0.801 0.606 
   1   (0.381) 0.786 0.166 0.199 0.394 

Locus 60 : 
2 alleles
44.4% missing data
   1   (0.725) 0.637 0.811 0.711 0.728 
   0   (0.275) 0.363 0.189 0.289 0.272 

Locus 61 : 
2 alleles
16.9% missing data
   0   (0.820) 0.879 0.762 0.800 0.831 
   1   (0.180) 0.121 0.238 0.200 0.169 

Locus 62 : 
2 alleles
7.9% missing data
   0   (0.906) 0.941 0.918 0.888 0.914 
   1   (0.094) 0.059 0.082 0.112 0.086 

Locus 63 : 
2 alleles
36.5% missing data
   0   (0.896) 0.954 0.865 0.890 0.904 
   1   (0.104) 0.046 0.135 0.110 0.096 

Locus 64 : 
2 alleles
9.0% missing data
   0   (0.739) 0.670 0.891 0.764 0.721 
   1   (0.261) 0.330 0.109 0.236 0.279 

Locus 65 : 
2 alleles
38.8% missing data
   1   (0.175) 0.125 0.223 0.133 0.173 
   0   (0.825) 0.875 0.777 0.867 0.827 

Locus 66 : 
2 alleles
18.0% missing data
   0   (0.910) 0.968 0.952 0.851 0.911 
   1   (0.090) 0.032 0.048 0.149 0.089 

Locus 67 : 
2 alleles
23.0% missing data
   0   (0.851) 0.864 0.854 0.910 0.846 
   1   (0.149) 0.136 0.146 0.090 0.154 

Locus 68 : 
2 alleles
48.9% missing data
   0   (0.930) 0.970 0.957 0.913 0.932 
   1   (0.070) 0.030 0.043 0.087 0.068 

Locus 69 : 
2 alleles
23.0% missing data
   1   (0.833) 0.861 0.778 0.780 0.852 
   0   (0.167) 0.139 0.222 0.220 0.148 

Locus 70 : 
2 alleles
42.7% missing data
   0   (0.763) 0.835 0.731 0.780 0.762 
   1   (0.237) 0.165 0.269 0.220 0.238 

Locus 71 : 
2 alleles
12.4% missing data
   0   (0.921) 0.974 0.924 0.896 0.925 
   1   (0.079) 0.026 0.076 0.104 0.075 

Locus 72 : 
2 alleles
19.1% missing data
   0   (0.943) 0.975 0.935 0.973 0.946 
   1   (0.057) 0.025 0.065 0.027 0.054 

Locus 73 : 
2 alleles
8.4% missing data
   0   (0.900) 0.953 0.923 0.893 0.901 
   1   (0.100) 0.047 0.077 0.107 0.099 

Locus 74 : 
2 alleles
37.1% missing data
   0   (0.887) 0.860 0.939 0.915 0.887 
   1   (0.113) 0.140 0.061 0.085 0.113 

Locus 75 : 
2 alleles
61.8% missing data
   0   (0.920) 0.938 0.948 0.956 0.916 
   1   (0.080) 0.062 0.052 0.044 0.084 

Locus 76 : 
2 alleles
45.5% missing data
   0   (0.911) 0.884 0.957 0.931 0.914 
   1   (0.089) 0.116 0.043 0.069 0.086 

Locus 77 : 
2 alleles
56.2% missing data
   1   (0.840) 0.842 0.808 0.882 0.846 
   0   (0.160) 0.158 0.192 0.118 0.154 

Locus 78 : 
2 alleles
10.7% missing data
   1   (0.319) 0.350 0.253 0.402 0.306 
   0   (0.681) 0.650 0.747 0.598 0.694 

Locus 79 : 
2 alleles
6.7% missing data
   0   (0.892) 0.948 0.876 0.858 0.902 
   1   (0.108) 0.052 0.124 0.142 0.098 

Locus 80 : 
2 alleles
2.8% missing data
   0   (0.815) 0.821 0.836 0.829 0.822 
   1   (0.185) 0.179 0.164 0.171 0.178 

Locus 81 : 
2 alleles
42.1% missing data
   0   (0.400) 0.275 0.459 0.475 0.395 
   1   (0.600) 0.725 0.541 0.525 0.605 

Locus 82 : 
2 alleles
11.8% missing data
   0   (0.911) 0.931 0.902 0.942 0.916 
   1   (0.089) 0.069 0.098 0.058 0.084 

Locus 83 : 
2 alleles
3.4% missing data
   0   (0.588) 0.475 0.582 0.686 0.591 
   1   (0.412) 0.525 0.418 0.314 0.409 

Locus 84 : 
2 alleles
35.4% missing data
   0   (0.871) 0.921 0.888 0.869 0.871 
   1   (0.129) 0.079 0.112 0.131 0.129 

Locus 85 : 
2 alleles
51.7% missing data
   0   (0.757) 0.824 0.825 0.703 0.754 
   1   (0.243) 0.176 0.175 0.297 0.246 

Locus 86 : 
2 alleles
29.2% missing data
   0   (0.902) 0.931 0.916 0.939 0.900 
   1   (0.098) 0.069 0.084 0.061 0.100 

Locus 87 : 
2 alleles
16.3% missing data
   0   (0.877) 0.901 0.825 0.894 0.888 
   1   (0.123) 0.099 0.175 0.106 0.112 

Locus 88 : 
2 alleles
53.4% missing data
   0   (0.720) 0.271 0.888 0.872 0.717 
   1   (0.280) 0.729 0.112 0.128 0.283 

Locus 89 : 
2 alleles
26.4% missing data
   0   (0.930) 0.953 0.966 0.963 0.924 
   1   (0.070) 0.047 0.034 0.037 0.076 

Locus 90 : 
2 alleles
15.7% missing data
   0   (0.903) 0.919 0.883 0.912 0.913 
   1   (0.097) 0.081 0.117 0.088 0.087 

Locus 91 : 
2 alleles
24.2% missing data
   0   (0.879) 0.920 0.925 0.892 0.872 
   1   (0.121) 0.080 0.075 0.108 0.128 

Locus 92 : 
2 alleles
18.5% missing data
   0   (0.847) 0.915 0.905 0.818 0.841 
   1   (0.153) 0.085 0.095 0.182 0.159 

Locus 93 : 
2 alleles
36.0% missing data
   1   (0.728) 0.645 0.822 0.792 0.716 
   0   (0.272) 0.355 0.178 0.208 0.284 

Locus 94 : 
2 alleles
29.8% missing data
   0   (0.585) 0.526 0.579 0.630 0.589 
   1   (0.415) 0.474 0.421 0.370 0.411 

Locus 95 : 
2 alleles
15.7% missing data
   1   (0.794) 0.815 0.887 0.791 0.787 
   0   (0.206) 0.185 0.113 0.209 0.213 

Locus 96 : 
2 alleles
28.7% missing data
   0   (0.500) 0.549 0.481 0.418 0.509 
   1   (0.500) 0.451 0.519 0.582 0.491 

Locus 97 : 
2 alleles
50.6% missing data
   0   (0.840) 0.871 0.844 0.876 0.842 
   1   (0.160) 0.129 0.156 0.124 0.158 

Locus 98 : 
2 alleles
16.9% missing data
   0   (0.770) 0.884 0.705 0.745 0.770 
   1   (0.230) 0.116 0.295 0.255 0.230 

Locus 99 : 
2 alleles
0.0% missing data
   0   (0.872) 0.914 0.872 0.872 0.878 
   1   (0.128) 0.086 0.128 0.128 0.122 

Locus 100 : 
2 alleles
7.9% missing data
   0   (0.548) 0.414 0.612 0.642 0.544 
   1   (0.452) 0.586 0.388 0.358 0.456 

Locus 101 : 
2 alleles
13.5% missing data
   1   (0.702) 0.667 0.742 0.712 0.705 
   0   (0.298) 0.333 0.258 0.288 0.295 

Locus 102 : 
2 alleles
20.8% missing data
   1   (0.705) 0.660 0.779 0.683 0.710 
   0   (0.295) 0.340 0.221 0.317 0.290 

Locus 103 : 
2 alleles
2.2% missing data
   0   (0.913) 0.967 0.923 0.932 0.910 
   1   (0.087) 0.033 0.077 0.068 0.090 

Locus 104 : 
2 alleles
33.7% missing data
   1   (0.743) 0.765 0.756 0.728 0.748 
   0   (0.257) 0.235 0.244 0.272 0.252 

Locus 105 : 
2 alleles
37.1% missing data
   0   (0.650) 0.661 0.655 0.604 0.660 
   1   (0.350) 0.339 0.345 0.396 0.340 

Locus 106 : 
2 alleles
13.5% missing data
   0   (0.820) 0.917 0.702 0.828 0.823 
   1   (0.180) 0.083 0.298 0.172 0.177 

Locus 107 : 
2 alleles
38.8% missing data
   0   (0.759) 0.808 0.767 0.704 0.768 
   1   (0.241) 0.192 0.233 0.296 0.232 

Locus 108 : 
2 alleles
11.8% missing data
   0   (0.898) 0.887 0.894 0.956 0.893 
   1   (0.102) 0.113 0.106 0.044 0.107 

Locus 109 : 
2 alleles
25.3% missing data
   0   (0.839) 0.929 0.839 0.832 0.835 
   1   (0.161) 0.071 0.161 0.168 0.165 

Locus 110 : 
2 alleles
12.4% missing data
   1   (0.638) 0.593 0.635 0.673 0.643 
   0   (0.362) 0.407 0.365 0.327 0.357 

Locus 111 : 
2 alleles
32.6% missing data
   0   (0.736) 0.813 0.700 0.715 0.740 
   1   (0.264) 0.187 0.300 0.285 0.260 

Locus 112 : 
2 alleles
53.4% missing data
   0   (0.878) 0.877 0.934 0.921 0.873 
   1   (0.122) 0.123 0.066 0.079 0.127 

Locus 113 : 
2 alleles
16.9% missing data
   1   (0.861) 0.906 0.865 0.908 0.856 
   0   (0.139) 0.094 0.135 0.092 0.144 

Locus 114 : 
2 alleles
5.6% missing data
   0   (0.872) 0.937 0.830 0.893 0.874 
   1   (0.128) 0.063 0.170 0.107 0.126 

Locus 115 : 
2 alleles
25.8% missing data
   0   (0.776) 0.846 0.733 0.726 0.783 
   1   (0.224) 0.154 0.267 0.274 0.217 

Locus 116 : 
2 alleles
24.7% missing data
   0   (0.780) 0.749 0.827 0.820 0.779 
   1   (0.220) 0.251 0.173 0.180 0.221 

Locus 117 : 
2 alleles
13.5% missing data
   0   (0.838) 0.799 0.904 0.829 0.844 
   1   (0.162) 0.201 0.096 0.171 0.156 

Locus 118 : 
2 alleles
5.6% missing data
   0   (0.762) 0.479 0.879 0.888 0.751 
   1   (0.238) 0.521 0.121 0.112 0.249 

Locus 119 : 
2 alleles
15.2% missing data
   0   (0.844) 0.768 0.911 0.900 0.840 
   1   (0.156) 0.232 0.089 0.100 0.160 

Locus 120 : 
2 alleles
23.0% missing data
   0   (0.877) 0.911 0.906 0.871 0.880 
   1   (0.123) 0.089 0.094 0.129 0.120 

Locus 121 : 
2 alleles
25.3% missing data
   0   (0.859) 0.893 0.910 0.870 0.856 
   1   (0.141) 0.107 0.090 0.130 0.144 

Locus 122 : 
2 alleles
12.9% missing data
   0   (0.825) 0.815 0.843 0.865 0.827 
   1   (0.175) 0.185 0.157 0.135 0.173 

Locus 123 : 
2 alleles
20.2% missing data
   1   (0.839) 0.929 0.796 0.841 0.837 
   0   (0.161) 0.071 0.204 0.159 0.163 

Locus 124 : 
2 alleles
43.8% missing data
   0   (0.601) 0.613 0.563 0.626 0.602 
   1   (0.399) 0.387 0.437 0.374 0.398 

Locus 125 : 
2 alleles
2.8% missing data
   0   (0.912) 0.964 0.944 0.933 0.904 
   1   (0.088) 0.036 0.056 0.067 0.096 

Locus 126 : 
2 alleles
15.2% missing data
   0   (0.909) 0.858 0.955 0.919 0.916 
   1   (0.091) 0.142 0.045 0.081 0.084 

Locus 127 : 
2 alleles
16.9% missing data
   0   (0.634) 0.675 0.571 0.689 0.636 
   1   (0.366) 0.325 0.429 0.311 0.364 

Locus 128 : 
2 alleles
63.5% missing data
   0   (0.733) 0.721 0.684 0.797 0.735 
   1   (0.267) 0.279 0.316 0.203 0.265 

Locus 129 : 
2 alleles
32.6% missing data
   0   (0.666) 0.789 0.663 0.598 0.661 
   1   (0.334) 0.211 0.337 0.402 0.339 

Locus 130 : 
2 alleles
30.9% missing data
   0   (0.840) 0.887 0.828 0.860 0.841 
   1   (0.160) 0.113 0.172 0.140 0.159 

Locus 131 : 
2 alleles
31.5% missing data
   0   (0.919) 0.954 0.924 0.915 0.923 
   1   (0.081) 0.046 0.076 0.085 0.077 

Locus 132 : 
2 alleles
9.0% missing data
   0   (0.796) 0.798 0.848 0.777 0.799 
   1   (0.204) 0.202 0.152 0.223 0.201 

Locus 133 : 
2 alleles
19.1% missing data
   1   (0.455) 0.387 0.501 0.514 0.453 
   0   (0.545) 0.613 0.499 0.486 0.547 

Locus 134 : 
2 alleles
45.5% missing data
   0   (0.865) 0.794 0.936 0.906 0.862 
   1   (0.135) 0.206 0.064 0.094 0.138 

Locus 135 : 
2 alleles
19.7% missing data
   0   (0.740) 0.725 0.656 0.813 0.746 
   1   (0.260) 0.275 0.344 0.187 0.254 

Locus 136 : 
2 alleles
2.8% missing data
   0   (0.858) 0.929 0.830 0.858 0.860 
   1   (0.142) 0.071 0.170 0.142 0.140 

Locus 137 : 
2 alleles
1.1% missing data
   1   (0.671) 0.576 0.759 0.711 0.670 
   0   (0.329) 0.424 0.241 0.289 0.330 

Locus 138 : 
2 alleles
49.4% missing data
   0   (0.888) 0.825 0.916 0.932 0.893 
   1   (0.112) 0.175 0.084 0.068 0.107 

Locus 139 : 
2 alleles
18.5% missing data
   0   (0.912) 0.935 0.933 0.909 0.919 
   1   (0.088) 0.065 0.067 0.091 0.081 

Locus 140 : 
2 alleles
16.3% missing data
   0   (0.905) 0.962 0.944 0.818 0.911 
   1   (0.095) 0.038 0.056 0.182 0.089 

Locus 141 : 
2 alleles
19.1% missing data
   0   (0.683) 0.703 0.729 0.700 0.676 
   1   (0.317) 0.297 0.271 0.300 0.324 

Locus 142 : 
2 alleles
16.3% missing data
   0   (0.443) 0.429 0.368 0.529 0.440 
   1   (0.557) 0.571 0.632 0.471 0.560 

Locus 143 : 
2 alleles
29.2% missing data
   0   (0.765) 0.791 0.831 0.731 0.766 
   1   (0.235) 0.209 0.169 0.269 0.234 

Locus 144 : 
2 alleles
6.7% missing data
   0   (0.910) 0.899 0.920 0.920 0.920 
   1   (0.090) 0.101 0.080 0.080 0.080 

Locus 145 : 
2 alleles
3.4% missing data
   0   (0.896) 0.941 0.861 0.924 0.901 
   1   (0.104) 0.059 0.139 0.076 0.099 

Locus 146 : 
2 alleles
17.4% missing data
   1   (0.664) 0.732 0.589 0.782 0.648 
   0   (0.336) 0.268 0.411 0.218 0.352 

Locus 147 : 
2 alleles
9.6% missing data
   0   (0.675) 0.813 0.657 0.608 0.675 
   1   (0.325) 0.187 0.343 0.392 0.325 

Locus 148 : 
2 alleles
11.8% missing data
   0   (0.851) 0.945 0.776 0.883 0.846 
   1   (0.149) 0.055 0.224 0.117 0.154 

Locus 149 : 
2 alleles
6.7% missing data
   0   (0.489) 0.428 0.416 0.554 0.494 
   1   (0.511) 0.572 0.584 0.446 0.506 

Locus 150 : 
2 alleles
44.9% missing data
   0   (0.879) 0.787 0.940 0.912 0.882 
   1   (0.121) 0.213 0.060 0.088 0.118 

Locus 151 : 
2 alleles
44.9% missing data
   1   (0.666) 0.557 0.816 0.660 0.659 
   0   (0.334) 0.443 0.184 0.340 0.341 

Locus 152 : 
2 alleles
22.5% missing data
   0   (0.839) 0.876 0.846 0.874 0.837 
   1   (0.161) 0.124 0.154 0.126 0.163 

Locus 153 : 
2 alleles
23.6% missing data
   0   (0.887) 0.899 0.912 0.924 0.886 
   1   (0.113) 0.101 0.088 0.076 0.114 

Locus 154 : 
2 alleles
6.7% missing data
   0   (0.922) 0.984 0.917 0.895 0.924 
   1   (0.078) 0.016 0.083 0.105 0.076 

Locus 155 : 
2 alleles
6.2% missing data
   0   (0.798) 0.853 0.824 0.866 0.783 
   1   (0.202) 0.147 0.176 0.134 0.217 

Locus 156 : 
2 alleles
22.5% missing data
   0   (0.922) 0.929 0.961 0.959 0.916 
   1   (0.078) 0.071 0.039 0.041 0.084 

Locus 157 : 
2 alleles
47.2% missing data
   1   (0.874) 0.891 0.937 0.849 0.876 
   0   (0.126) 0.109 0.063 0.151 0.124 

Locus 158 : 
2 alleles
34.3% missing data
   0   (0.802) 0.736 0.883 0.839 0.799 
   1   (0.198) 0.264 0.117 0.161 0.201 

Locus 159 : 
2 alleles
11.8% missing data
   1   (0.134) 0.082 0.160 0.087 0.138 
   0   (0.866) 0.918 0.840 0.913 0.862 

Locus 160 : 
2 alleles
26.4% missing data
   0   (0.935) 0.944 0.933 0.955 0.943 
   1   (0.065) 0.056 0.067 0.045 0.057 

Locus 161 : 
2 alleles
16.9% missing data
   0   (0.801) 0.871 0.725 0.767 0.813 
   1   (0.199) 0.129 0.275 0.233 0.187 

Locus 162 : 
2 alleles
18.0% missing data
   1   (0.929) 0.985 0.928 0.931 0.928 
   0   (0.071) 0.015 0.072 0.069 0.072 

Locus 163 : 
2 alleles
46.6% missing data
   1   (0.735) 0.760 0.763 0.740 0.734 
   0   (0.265) 0.240 0.237 0.260 0.266 

Locus 164 : 
2 alleles
27.0% missing data
   0   (0.863) 0.928 0.818 0.882 0.867 
   1   (0.137) 0.072 0.182 0.118 0.133 

Locus 165 : 
2 alleles
24.2% missing data
   0   (0.866) 0.939 0.881 0.862 0.863 
   1   (0.134) 0.061 0.119 0.138 0.137 

Locus 166 : 
2 alleles
46.1% missing data
   1   (0.743) 0.689 0.822 0.730 0.747 
   0   (0.257) 0.311 0.178 0.270 0.253 

Locus 167 : 
2 alleles
38.8% missing data
   0   (0.906) 0.886 0.931 0.956 0.906 
   1   (0.094) 0.114 0.069 0.044 0.094 

Locus 168 : 
2 alleles
15.2% missing data
   0   (0.817) 0.835 0.851 0.811 0.819 
   1   (0.183) 0.165 0.149 0.189 0.181 

Locus 169 : 
2 alleles
3.4% missing data
   1   (0.628) 0.580 0.726 0.640 0.621 
   0   (0.372) 0.420 0.274 0.360 0.379 

Locus 170 : 
2 alleles
43.8% missing data
   0   (0.864) 0.844 0.889 0.895 0.866 
   1   (0.136) 0.156 0.111 0.105 0.134 

Locus 171 : 
2 alleles
11.2% missing data
   0   (0.894) 0.939 0.921 0.900 0.895 
   1   (0.106) 0.061 0.079 0.100 0.105 

Locus 172 : 
2 alleles
29.2% missing data
   0   (0.878) 0.785 0.909 0.943 0.882 
   1   (0.122) 0.215 0.091 0.057 0.118 

Locus 173 : 
2 alleles
16.9% missing data
   0   (0.899) 0.901 0.948 0.912 0.902 
   1   (0.101) 0.099 0.052 0.088 0.098 

Locus 174 : 
2 alleles
16.3% missing data
   0   (0.883) 0.875 0.929 0.903 0.883 
   1   (0.117) 0.125 0.071 0.097 0.117 

Locus 175 : 
2 alleles
10.1% missing data
   0   (0.879) 0.893 0.924 0.923 0.870 
   1   (0.121) 0.107 0.076 0.077 0.130 

Locus 176 : 
2 alleles
10.7% missing data
   0   (0.782) 0.774 0.717 0.843 0.786 
   1   (0.218) 0.226 0.283 0.157 0.214 

Locus 177 : 
2 alleles
28.7% missing data
   0   (0.609) 0.632 0.758 0.616 0.584 
   1   (0.391) 0.368 0.242 0.384 0.416 

Locus 178 : 
2 alleles
18.5% missing data
   1   (0.882) 0.849 0.929 0.950 0.873 
   0   (0.118) 0.151 0.071 0.050 0.127 

Locus 179 : 
2 alleles
12.9% missing data
   0   (0.794) 0.867 0.807 0.753 0.794 
   1   (0.206) 0.133 0.193 0.247 0.206 

Locus 180 : 
2 alleles
7.9% missing data
   1   (0.927) 0.978 0.953 0.950 0.921 
   0   (0.073) 0.022 0.047 0.050 0.079 

Locus 181 : 
2 alleles
2.2% missing data
   0   (0.454) 0.404 0.396 0.599 0.444 
   1   (0.546) 0.596 0.604 0.401 0.556 

Locus 182 : 
2 alleles
26.4% missing data
   0   (0.612) 0.619 0.599 0.649 0.614 
   1   (0.388) 0.381 0.401 0.351 0.386 

Locus 183 : 
2 alleles
28.7% missing data
   1   (0.722) 0.893 0.655 0.661 0.714 
   0   (0.278) 0.107 0.345 0.339 0.286 

Locus 184 : 
2 alleles
48.3% missing data
   0   (0.881) 0.930 0.801 0.938 0.882 
   1   (0.119) 0.070 0.199 0.062 0.118 

Locus 185 : 
2 alleles
10.1% missing data
   0   (0.938) 0.971 0.897 0.967 0.944 
   1   (0.062) 0.029 0.103 0.033 0.056 

Locus 186 : 
2 alleles
1.7% missing data
   0   (0.913) 0.909 0.953 0.951 0.912 
   1   (0.087) 0.091 0.047 0.049 0.088 

Locus 187 : 
2 alleles
21.9% missing data
   0   (0.912) 0.884 0.962 0.943 0.912 
   1   (0.088) 0.116 0.038 0.057 0.088 

Locus 188 : 
2 alleles
18.5% missing data
   1   (0.947) 0.948 0.977 0.976 0.947 
   0   (0.053) 0.052 0.023 0.024 0.053 

Locus 189 : 
2 alleles
47.8% missing data
   1   (0.685) 0.724 0.615 0.634 0.702 
   0   (0.315) 0.276 0.385 0.366 0.298 

Locus 190 : 
2 alleles
52.8% missing data
   1   (0.264) 0.250 0.245 0.224 0.270 
   0   (0.736) 0.750 0.755 0.776 0.730 

Locus 191 : 
2 alleles
16.9% missing data
   0   (0.916) 0.970 0.948 0.879 0.918 
   1   (0.084) 0.030 0.052 0.121 0.082 

Locus 192 : 
2 alleles
16.9% missing data
   0   (0.867) 0.920 0.864 0.862 0.873 
   1   (0.133) 0.080 0.136 0.138 0.127 

Locus 193 : 
2 alleles
18.5% missing data
   0   (0.916) 0.876 0.939 0.955 0.918 
   1   (0.084) 0.124 0.061 0.045 0.082 

Locus 194 : 
2 alleles
3.4% missing data
   1   (0.879) 0.875 0.940 0.865 0.881 
   0   (0.121) 0.125 0.060 0.135 0.119 

Locus 195 : 
2 alleles
6.2% missing data
   0   (0.934) 0.960 0.920 0.952 0.943 
   1   (0.066) 0.040 0.080 0.048 0.057 

Locus 196 : 
2 alleles
5.6% missing data
   0   (0.929) 0.986 0.849 0.916 0.937 
   1   (0.071) 0.014 0.151 0.084 0.063 

Locus 197 : 
2 alleles
39.9% missing data
   0   (0.706) 0.683 0.790 0.738 0.695 
   1   (0.294) 0.317 0.210 0.262 0.305 

Locus 198 : 
2 alleles
14.6% missing data
   0   (0.892) 0.962 0.868 0.851 0.898 
   1   (0.108) 0.038 0.132 0.149 0.102 

Locus 199 : 
2 alleles
27.5% missing data
   0   (0.921) 0.942 0.963 0.947 0.918 
   1   (0.079) 0.058 0.037 0.053 0.082 

Locus 200 : 
2 alleles
5.6% missing data
   0   (0.887) 0.938 0.865 0.887 0.893 
   1   (0.113) 0.062 0.135 0.113 0.107 

Locus 201 : 
2 alleles
1.7% missing data
   0   (0.758) 0.795 0.776 0.788 0.755 
   1   (0.242) 0.205 0.224 0.212 0.245 

Locus 202 : 
2 alleles
14.6% missing data
   0   (0.832) 0.889 0.839 0.874 0.825 
   1   (0.168) 0.111 0.161 0.126 0.175 

Locus 203 : 
2 alleles
16.9% missing data
   0   (0.915) 0.869 0.957 0.920 0.923 
   1   (0.085) 0.131 0.043 0.080 0.077 

Locus 204 : 
2 alleles
25.3% missing data
   0   (0.864) 0.826 0.900 0.905 0.867 
   1   (0.136) 0.174 0.100 0.095 0.133 

Locus 205 : 
2 alleles
29.2% missing data
   0   (0.911) 0.891 0.960 0.948 0.908 
   1   (0.089) 0.109 0.040 0.052 0.092 

Locus 206 : 
2 alleles
50.6% missing data
   0   (0.904) 0.916 0.931 0.915 0.909 
   1   (0.096) 0.084 0.069 0.085 0.091 

Locus 207 : 
2 alleles
6.7% missing data
   0   (0.863) 0.701 0.942 0.921 0.861 
   1   (0.137) 0.299 0.058 0.079 0.139 

Locus 208 : 
2 alleles
6.7% missing data
   0   (0.842) 0.909 0.873 0.785 0.844 
   1   (0.158) 0.091 0.127 0.215 0.156 

Locus 209 : 
2 alleles
30.9% missing data
   0   (0.489) 0.444 0.440 0.514 0.497 
   1   (0.511) 0.556 0.560 0.486 0.503 

Locus 210 : 
2 alleles
33.7% missing data
   0   (0.959) 0.960 0.988 0.987 0.955 
   1   (0.041) 0.040 0.012 0.013 0.045 

Locus 211 : 
2 alleles
32.6% missing data
   0   (0.870) 0.830 0.909 0.909 0.871 
   1   (0.130) 0.170 0.091 0.091 0.129 

Locus 212 : 
2 alleles
21.3% missing data
   0   (0.878) 0.812 0.942 0.930 0.873 
   1   (0.122) 0.188 0.058 0.070 0.127 

Locus 213 : 
2 alleles
13.5% missing data
   0   (0.915) 0.979 0.933 0.854 0.917 
   1   (0.085) 0.021 0.067 0.146 0.083 

Locus 214 : 
2 alleles
19.7% missing data
   0   (0.887) 0.846 0.918 0.935 0.889 
   1   (0.113) 0.154 0.082 0.065 0.111 

Locus 215 : 
2 alleles
12.4% missing data
   1   (0.747) 0.899 0.662 0.580 0.757 
   0   (0.253) 0.101 0.338 0.420 0.243 

Locus 216 : 
2 alleles
32.0% missing data
   0   (0.830) 0.964 0.748 0.671 0.835 
   1   (0.170) 0.036 0.252 0.329 0.165 

Locus 217 : 
2 alleles
50.6% missing data
   0   (0.910) 0.961 0.942 0.917 0.905 
   1   (0.090) 0.039 0.058 0.083 0.095 

Locus 218 : 
2 alleles
54.5% missing data
   0   (0.774) 0.886 0.789 0.770 0.761 
   1   (0.226) 0.114 0.211 0.230 0.239 

Locus 219 : 
2 alleles
50.0% missing data
   0   (0.388) 0.392 0.461 0.310 0.388 
   1   (0.612) 0.608 0.539 0.690 0.612 

Locus 220 : 
2 alleles
46.6% missing data
   0   (0.766) 0.844 0.687 0.823 0.764 
   1   (0.234) 0.156 0.313 0.177 0.236 

Locus 221 : 
2 alleles
27.0% missing data
   0   (0.662) 0.716 0.601 0.597 0.676 
   1   (0.338) 0.284 0.399 0.403 0.324 

Locus 222 : 
2 alleles
54.5% missing data
   0   (0.905) 0.849 0.948 0.933 0.909 
   1   (0.095) 0.151 0.052 0.067 0.091 

Locus 223 : 
2 alleles
10.1% missing data
   0   (0.887) 0.905 0.936 0.898 0.887 
   1   (0.113) 0.095 0.064 0.102 0.113 

Locus 224 : 
2 alleles
20.8% missing data
   0   (0.219) 0.314 0.210 0.164 0.213 
   1   (0.781) 0.686 0.790 0.836 0.787 

Locus 225 : 
2 alleles
8.4% missing data
   0   (0.907) 0.971 0.863 0.904 0.910 
   1   (0.093) 0.029 0.137 0.096 0.090 

Locus 226 : 
2 alleles
15.2% missing data
   0   (0.893) 0.927 0.949 0.881 0.891 
   1   (0.107) 0.073 0.051 0.119 0.109 

Locus 227 : 
2 alleles
39.9% missing data
   0   (0.459) 0.445 0.492 0.461 0.456 
   1   (0.541) 0.555 0.508 0.539 0.544 

Locus 228 : 
2 alleles
14.0% missing data
   0   (0.869) 0.789 0.937 0.925 0.862 
   1   (0.131) 0.211 0.063 0.075 0.138 

Locus 229 : 
2 alleles
20.2% missing data
   0   (0.847) 0.968 0.712 0.837 0.844 
   1   (0.153) 0.032 0.288 0.163 0.156 

Locus 230 : 
2 alleles
75.8% missing data
   0   (0.825) 0.784 0.899 0.811 0.827 
   1   (0.175) 0.216 0.101 0.189 0.173 

Locus 231 : 
2 alleles
16.9% missing data
   1   (0.547) 0.554 0.604 0.512 0.545 
   0   (0.453) 0.446 0.396 0.488 0.455 

Locus 232 : 
2 alleles
18.0% missing data
   0   (0.290) 0.268 0.368 0.190 0.291 
   1   (0.710) 0.732 0.632 0.810 0.709 

Locus 233 : 
2 alleles
59.0% missing data
   0   (0.848) 0.698 0.908 0.924 0.849 
   1   (0.152) 0.302 0.092 0.076 0.151 

Locus 234 : 
2 alleles
23.6% missing data
   0   (0.532) 0.545 0.455 0.552 0.536 
   1   (0.468) 0.455 0.545 0.448 0.464 

Locus 235 : 
2 alleles
14.0% missing data
   0   (0.934) 0.933 0.953 0.977 0.926 
   1   (0.066) 0.067 0.047 0.023 0.074 

Locus 236 : 
2 alleles
22.5% missing data
   0   (0.194) 0.200 0.135 0.119 0.207 
   1   (0.806) 0.800 0.865 0.881 0.793 

Locus 237 : 
2 alleles
35.4% missing data
   0   (0.925) 0.891 0.954 0.966 0.928 
   1   (0.075) 0.109 0.046 0.034 0.072 

Locus 238 : 
2 alleles
20.8% missing data
   1   (0.715) 0.801 0.647 0.670 0.722 
   0   (0.285) 0.199 0.353 0.330 0.278 

Locus 239 : 
2 alleles
37.6% missing data
   0   (0.889) 0.800 0.956 0.937 0.884 
   1   (0.111) 0.200 0.044 0.063 0.116 

Locus 240 : 
2 alleles
47.8% missing data
   1   (0.206) 0.144 0.282 0.190 0.203 
   0   (0.794) 0.856 0.718 0.810 0.797 

Locus 241 : 
2 alleles
37.1% missing data
   0   (0.932) 0.985 0.953 0.899 0.933 
   1   (0.068) 0.015 0.047 0.101 0.067 

Locus 242 : 
2 alleles
2.2% missing data
   0   (0.848) 0.894 0.846 0.828 0.853 
   1   (0.152) 0.106 0.154 0.172 0.147 

Locus 243 : 
2 alleles
39.9% missing data
   0   (0.609) 0.701 0.637 0.544 0.606 
   1   (0.391) 0.299 0.363 0.456 0.394 

Locus 244 : 
2 alleles
32.6% missing data
   0   (0.939) 0.923 0.978 0.975 0.935 
   1   (0.061) 0.077 0.022 0.025 0.065 

Locus 245 : 
2 alleles
27.5% missing data
   0   (0.943) 0.983 0.952 0.931 0.948 
   1   (0.057) 0.017 0.048 0.069 0.052 

Locus 246 : 
2 alleles
62.9% missing data
   0   (0.943) 0.978 0.962 0.947 0.943 
   1   (0.057) 0.022 0.038 0.053 0.057 

Locus 247 : 
2 alleles
55.1% missing data
   0   (0.882) 0.876 0.872 0.928 0.885 
   1   (0.118) 0.124 0.128 0.072 0.115 

Locus 248 : 
2 alleles
13.5% missing data
   0   (0.921) 0.938 0.945 0.944 0.920 
   1   (0.079) 0.062 0.055 0.056 0.080 

Locus 249 : 
2 alleles
39.3% missing data
   0   (0.936) 0.921 0.977 0.963 0.934 
   1   (0.064) 0.079 0.023 0.037 0.066 

Locus 250 : 
2 alleles
19.1% missing data
   0   (0.747) 0.805 0.762 0.767 0.743 
   1   (0.253) 0.195 0.238 0.233 0.257 

Locus 251 : 
2 alleles
56.2% missing data
   0   (0.874) 0.973 0.710 0.904 0.869 
   1   (0.126) 0.027 0.290 0.096 0.131 

Locus 252 : 
2 alleles
57.9% missing data
   0   (0.848) 0.799 0.888 0.898 0.848 
   1   (0.152) 0.201 0.112 0.102 0.152 

Locus 253 : 
2 alleles
44.4% missing data
   0   (0.810) 0.904 0.755 0.843 0.807 
   1   (0.190) 0.096 0.245 0.157 0.193 

Locus 254 : 
2 alleles
8.4% missing data
   0   (0.790) 0.820 0.828 0.787 0.789 
   1   (0.210) 0.180 0.172 0.213 0.211 

Locus 255 : 
2 alleles
19.1% missing data
   0   (0.354) 0.314 0.343 0.435 0.347 
   1   (0.646) 0.686 0.657 0.565 0.653 

Locus 256 : 
2 alleles
2.2% missing data
   1   (0.859) 0.912 0.840 0.855 0.864 
   0   (0.141) 0.088 0.160 0.145 0.136 

Locus 257 : 
2 alleles
34.3% missing data
   0   (0.875) 0.933 0.864 0.911 0.871 
   1   (0.125) 0.067 0.136 0.089 0.129 

Locus 258 : 
2 alleles
33.1% missing data
   0   (0.922) 0.972 0.899 0.922 0.927 
   1   (0.078) 0.028 0.101 0.078 0.073 

Locus 259 : 
2 alleles
5.6% missing data
   0   (0.947) 0.968 0.949 0.976 0.946 
   1   (0.053) 0.032 0.051 0.024 0.054 

Locus 260 : 
2 alleles
46.1% missing data
   0   (0.722) 0.776 0.755 0.732 0.719 
   1   (0.278) 0.224 0.245 0.268 0.281 

Locus 261 : 
2 alleles
60.7% missing data
   0   (0.932) 0.960 0.949 0.935 0.936 
   1   (0.068) 0.040 0.051 0.065 0.064 

Locus 262 : 
2 alleles
51.1% missing data
   0   (0.821) 0.786 0.868 0.887 0.815 
   1   (0.179) 0.214 0.132 0.113 0.185 

Locus 263 : 
2 alleles
18.5% missing data
   0   (0.563) 0.561 0.517 0.552 0.570 
   1   (0.437) 0.439 0.483 0.448 0.430 

Locus 264 : 
2 alleles
53.9% missing data
   0   (0.296) 0.271 0.240 0.344 0.296 
   1   (0.704) 0.729 0.760 0.656 0.704 

Locus 265 : 
2 alleles
21.3% missing data
   0   (0.905) 0.881 0.867 0.944 0.916 
   1   (0.095) 0.119 0.133 0.056 0.084 

Locus 266 : 
2 alleles
19.7% missing data
   0   (0.846) 0.920 0.809 0.799 0.856 
   1   (0.154) 0.080 0.191 0.201 0.144 

Locus 267 : 
2 alleles
6.2% missing data
   1   (0.686) 0.748 0.683 0.700 0.682 
   0   (0.314) 0.252 0.317 0.300 0.318 

Locus 268 : 
2 alleles
9.6% missing data
   0   (0.573) 0.530 0.629 0.618 0.566 
   1   (0.427) 0.470 0.371 0.382 0.434 

Locus 269 : 
2 alleles
49.4% missing data
   0   (0.502) 0.559 0.485 0.456 0.507 
   1   (0.498) 0.441 0.515 0.544 0.493 

Locus 270 : 
2 alleles
10.1% missing data
   0   (0.544) 0.559 0.445 0.603 0.550 
   1   (0.456) 0.441 0.555 0.397 0.450 

Locus 271 : 
2 alleles
16.3% missing data
   0   (0.886) 0.930 0.944 0.850 0.884 
   1   (0.114) 0.070 0.056 0.150 0.116 

Locus 272 : 
2 alleles
24.2% missing data
   0   (0.907) 0.901 0.948 0.917 0.910 
   1   (0.093) 0.099 0.052 0.083 0.090 

Locus 273 : 
2 alleles
59.6% missing data
   0   (0.868) 0.777 0.912 0.941 0.865 
   1   (0.132) 0.223 0.088 0.059 0.135 

Locus 274 : 
2 alleles
16.9% missing data
   0   (0.938) 0.966 0.975 0.953 0.933 
   1   (0.062) 0.034 0.025 0.047 0.067 

Locus 275 : 
2 alleles
62.4% missing data
   0   (0.910) 0.864 0.945 0.951 0.912 
   1   (0.090) 0.136 0.055 0.049 0.088 

Locus 276 : 
2 alleles
10.7% missing data
   0   (0.907) 0.961 0.909 0.918 0.908 
   1   (0.093) 0.039 0.091 0.082 0.092 

Locus 277 : 
2 alleles
9.6% missing data
   0   (0.914) 0.966 0.864 0.931 0.920 
   1   (0.086) 0.034 0.136 0.069 0.080 

Locus 278 : 
2 alleles
46.6% missing data
   0   (0.319) 0.208 0.397 0.272 0.324 
   1   (0.681) 0.792 0.603 0.728 0.676 

Locus 279 : 
2 alleles
37.1% missing data
   0   (0.840) 0.746 0.881 0.894 0.841 
   1   (0.160) 0.254 0.119 0.106 0.159 

Locus 280 : 
2 alleles
9.6% missing data
   0   (0.870) 0.885 0.882 0.869 0.877 
   1   (0.130) 0.115 0.118 0.131 0.123 

Locus 281 : 
2 alleles
6.7% missing data
   0   (0.745) 0.778 0.801 0.741 0.743 
   1   (0.255) 0.222 0.199 0.259 0.257 

Locus 282 : 
2 alleles
19.1% missing data
   0   (0.702) 0.667 0.735 0.780 0.694 
   1   (0.298) 0.333 0.265 0.220 0.306 

Locus 283 : 
2 alleles
9.0% missing data
   0   (0.905) 0.908 0.946 0.944 0.901 
   1   (0.095) 0.092 0.054 0.056 0.099 

Locus 284 : 
2 alleles
7.9% missing data
   0   (0.846) 0.888 0.871 0.872 0.841 
   1   (0.154) 0.112 0.129 0.128 0.159 

Locus 285 : 
2 alleles
5.6% missing data
   0   (0.778) 0.828 0.761 0.790 0.780 
   1   (0.222) 0.172 0.239 0.210 0.220 

Locus 286 : 
2 alleles
29.2% missing data
   0   (0.917) 0.950 0.953 0.886 0.923 
   1   (0.083) 0.050 0.047 0.114 0.077 

Locus 287 : 
2 alleles
9.0% missing data
   0   (0.903) 0.928 0.859 0.939 0.908 
   1   (0.097) 0.072 0.141 0.061 0.092 

Locus 288 : 
2 alleles
8.4% missing data
   1   (0.854) 0.892 0.909 0.748 0.860 
   0   (0.146) 0.108 0.091 0.252 0.140 

Locus 289 : 
2 alleles
24.7% missing data
   0   (0.772) 0.681 0.806 0.853 0.774 
   1   (0.228) 0.319 0.194 0.147 0.226 

Locus 290 : 
2 alleles
32.0% missing data
   0   (0.423) 0.423 0.383 0.407 0.428 
   1   (0.577) 0.577 0.617 0.593 0.572 

Locus 291 : 
2 alleles
47.2% missing data
   0   (0.797) 0.780 0.855 0.813 0.797 
   1   (0.203) 0.220 0.145 0.187 0.203 

Locus 292 : 
2 alleles
21.3% missing data
   0   (0.942) 0.985 0.959 0.913 0.946 
   1   (0.058) 0.015 0.041 0.087 0.054 

Locus 293 : 
2 alleles
33.7% missing data
   0   (0.911) 0.839 0.963 0.956 0.909 
   1   (0.089) 0.161 0.037 0.044 0.091 

Locus 294 : 
2 alleles
57.3% missing data
   1   (0.439) 0.224 0.621 0.647 0.416 
   0   (0.561) 0.776 0.379 0.353 0.584 

Locus 295 : 
2 alleles
20.8% missing data
   0   (0.872) 0.861 0.756 0.936 0.878 
   1   (0.128) 0.139 0.244 0.064 0.122 

Locus 296 : 
2 alleles
26.4% missing data
   0   (0.874) 0.762 0.959 0.874 0.875 
   1   (0.126) 0.238 0.041 0.126 0.125 

Locus 297 : 
2 alleles
9.6% missing data
   0   (0.934) 0.952 0.918 0.969 0.938 
   1   (0.066) 0.048 0.082 0.031 0.062 

Locus 298 : 
2 alleles
34.8% missing data
   0   (0.809) 0.916 0.807 0.713 0.813 
   1   (0.191) 0.084 0.193 0.287 0.187 

Locus 299 : 
2 alleles
7.3% missing data
   1   (0.871) 0.935 0.841 0.803 0.882 
   0   (0.129) 0.065 0.159 0.197 0.118 

Locus 300 : 
2 alleles
28.7% missing data
   0   (0.731) 0.719 0.809 0.567 0.746 
   1   (0.269) 0.281 0.191 0.433 0.254 

Values of parameters used in structure:
DATAFILE=/Users/Amy 1/Desktop/Population_Genetics/Lab/R/Lab_8/Lab8_2/project_data,	OUTFILE=/Users/Amy 1/Desktop/Population_Genetics/Lab/R/Lab_8/Lab8_2/Set_One/Results/Set_One_run_12,	NUMINDS=178,	NUMLOCI=300,	MISSING=-9,	LABEL=1,	POPDATA=1,	POPFLAG=0,	PHENOTYPE=0,	EXTRACOLS=0,	MAXPOPS=4,	BURNIN=5000,	NUMREPS=10000,	USEPOPINFO=0,	INFERALPHA=1,	INFERLAMBDA=0,	POPSPECIFICLAMBDA=0,	POPALPHAS=0,	COMPUTEPROB=1,	NOADMIX=0,	ADMBURNIN=2500,	UPDATEFREQ=1,	PRINTLIKES=0,	INTERMEDSAVE=0,	PRINTKLD=0,	PRINTNET=0,	PRINTLAMBDA=0,	ANCESTDIST=0,	NUMBOXES=1000,	ANCESTPINT=0.90000,	GENSBACK=2,	MIGRPRIOR=0.05000,	PRINTQHAT=0,	PRINTQSUM=0,	ALPHA=1.0000,	FREQSCORR=1,	FPRIORMEAN=0.0100,	FPRIORSD=0.0500,	ONEFST=0,	LAMBDA=1.0000,	UNIFPRIORALPHA=1,	ALPHAMAX=10.0000,	ALPHAPRIORA=1.0000,	ALPHAPRIORB=2.0000,	ALPHAPROPSD=0.0250,	STARTATPOPINFO=0,	RANDOMIZE=1,	LINKAGE=0,	METROFREQ=10,	REPORTHITRATE=0,	MARKOVPHASE=-1,	PHASED=0,	PLOIDY=2,	PHASEINFO=0	LOCPRIOR=0, 	LOCPRIORINIT=1.000000, 	LOCDATA=0, 	LOCISPOP=0, 	LOCPRIORSTEP=0.100000, 	MAXLOCPRIOR=20.000000, 	SEED=1571414324,	
[STRAT parameters]:    NUMSIMSTATS=1000,	PHENOTYPECOL=-9,	POOLFREQ=10,	LOCUSxONLY=0,	EMERROR=0.00100,	MISSINGPHENO=-9,	