

----------------------------------------------------
STRUCTURE by Pritchard, Stephens and Donnelly (2000)
     and Falush, Stephens and Pritchard (2003)
       Code by Pritchard, Falush and Hubisz
             Version 2.3.4 (Jul 2012)
----------------------------------------------------



Command line arguments:   bin/structure -m "/Users/Amy 1/Desktop/Population_Genetics/Lab/R/Lab_8/Lab8_2/Set_One/mainparams" -e "/Users/Amy 1/Desktop/Population_Genetics/Lab/R/Lab_8/Lab8_2/Set_One/extraparams" 
Input File:    /Users/Amy 1/Desktop/Population_Genetics/Lab/R/Lab_8/Lab8_2/project_data

Run parameters:
   178 individuals
   300 loci
   5 populations assumed
   5000 Burn-in period
   10000 Reps


--------------------------------------------
Proportion of membership of each pre-defined
 population in each of the 5 clusters

Given    Inferred Clusters                     Number of
 Pop       1      2      3      4      5      Individuals

  1:     0.202  0.018  0.230  0.265  0.285       12
  2:     0.167  0.012  0.357  0.242  0.221       15
  3:     0.292  0.023  0.290  0.285  0.110       37
  4:     0.277  0.040  0.180  0.265  0.239       17
  5:     0.235  0.017  0.070  0.325  0.353        4
  6:     0.210  0.055  0.209  0.241  0.286       36
  7:     0.148  0.462  0.114  0.129  0.148       21
  8:     0.023  0.916  0.023  0.019  0.019       14
  9:     0.015  0.943  0.014  0.014  0.014       22
--------------------------------------------

Allele-freq. divergence among pops (Net nucleotide distance),
computed using point estimates of P.

      1       2       3       4       5      
 1      -    0.0096  0.0013  0.0001  0.0014  
 2   0.0096     -    0.0114  0.0101  0.0110  
 3   0.0013  0.0114     -    0.0013  0.0024  
 4   0.0001  0.0101  0.0013     -    0.0015  
 5   0.0014  0.0110  0.0024  0.0015     -    

Average distances (expected heterozygosity) between individuals in same cluster:
cluster  1  : 0.2629 
cluster  2  : 0.2566 
cluster  3  : 0.2535 
cluster  4  : 0.2613 
cluster  5  : 0.2491 

--------------------------------------------
Estimated Ln Prob of Data   = -32708.2
Mean value of ln likelihood = -31842.5
Variance of ln likelihood   = 1731.4
Mean value of alpha         = 0.0564

Mean value of Fst_1         = 0.0112
Mean value of Fst_2         = 0.0745
Mean value of Fst_3         = 0.0338
Mean value of Fst_4         = 0.0141
Mean value of Fst_5         = 0.0367


Inferred ancestry of individuals:
        Label (%Miss) Pop:  Inferred clusters
  1     1084    (6)    9 :  0.011 0.960 0.010 0.009 0.011 
  2     1085   (10)    9 :  0.041 0.867 0.030 0.035 0.026 
  3     1086    (3)    9 :  0.017 0.929 0.019 0.015 0.020 
  4     1087   (12)    9 :  0.006 0.972 0.006 0.004 0.011 
  5     1088    (5)    9 :  0.014 0.939 0.012 0.020 0.014 
  6     1089    (6)    9 :  0.016 0.935 0.015 0.016 0.018 
  7     1090    (5)    9 :  0.033 0.884 0.028 0.037 0.017 
  8     1091   (14)    9 :  0.012 0.924 0.015 0.013 0.036 
  9     1092   (22)    9 :  0.036 0.908 0.020 0.014 0.023 
 10     1093    (3)    9 :  0.025 0.915 0.031 0.015 0.013 
 11     1094   (14)    9 :  0.013 0.928 0.026 0.011 0.021 
 12     1095    (6)    9 :  0.006 0.978 0.003 0.006 0.007 
 13     1096    (8)    9 :  0.027 0.937 0.012 0.010 0.015 
 14     1097    (3)    9 :  0.006 0.973 0.005 0.006 0.010 
 15     1098    (2)    9 :  0.011 0.953 0.015 0.013 0.008 
 16     1099    (1)    9 :  0.006 0.984 0.003 0.003 0.004 
 17     1100    (5)    9 :  0.003 0.979 0.004 0.008 0.006 
 18     1101    (7)    9 :  0.016 0.932 0.013 0.022 0.017 
 19     1102    (8)    9 :  0.012 0.932 0.023 0.024 0.009 
 20     1103    (6)    9 :  0.005 0.972 0.009 0.006 0.007 
 21     1104    (9)    9 :  0.005 0.980 0.006 0.003 0.006 
 22     1105    (2)    9 :  0.012 0.963 0.006 0.011 0.008 
 23     1235    (3)    2 :  0.264 0.004 0.191 0.509 0.032 
 24     1236    (5)    2 :  0.013 0.007 0.959 0.014 0.006 
 25     1237    (8)    2 :  0.170 0.002 0.305 0.470 0.052 
 26     1238    (7)    2 :  0.133 0.005 0.771 0.058 0.033 
 27     1239    (5)    2 :  0.083 0.012 0.051 0.088 0.766 
 28     1240   (15)    2 :  0.120 0.004 0.522 0.310 0.044 
 29     1241   (16)    2 :  0.085 0.025 0.518 0.263 0.110 
 30     1242    (5)    2 :  0.388 0.056 0.020 0.511 0.025 
 31     1243    (8)    2 :  0.123 0.011 0.451 0.206 0.210 
 32     1244   (12)    2 :  0.133 0.005 0.447 0.159 0.256 
 33     1245   (20)    2 :  0.036 0.009 0.023 0.024 0.908 
 34     1246   (20)    2 :  0.496 0.008 0.056 0.381 0.060 
 35     1247   (11)    2 :  0.361 0.016 0.015 0.540 0.068 
 36     1248   (12)    2 :  0.094 0.011 0.078 0.074 0.743 
 37     1249    (9)    2 :  0.009 0.011 0.952 0.020 0.008 
 38     1253   (20)    8 :  0.008 0.956 0.018 0.006 0.012 
 39     1254   (12)    8 :  0.016 0.935 0.018 0.020 0.010 
 40     1255   (14)    8 :  0.006 0.980 0.006 0.004 0.004 
 41     1256   (24)    8 :  0.012 0.958 0.008 0.010 0.012 
 42     1257    (6)    8 :  0.023 0.943 0.016 0.012 0.006 
 43     1258   (23)    8 :  0.008 0.958 0.017 0.007 0.010 
 44     1259   (10)    8 :  0.013 0.961 0.009 0.010 0.007 
 45     1260   (36)    8 :  0.029 0.866 0.010 0.024 0.071 
 46     1261   (49)    8 :  0.107 0.753 0.043 0.072 0.026 
 47     1262   (29)    8 :  0.013 0.913 0.037 0.012 0.026 
 48     1263   (12)    8 :  0.015 0.960 0.006 0.005 0.014 
 49     1264   (48)    8 :  0.008 0.969 0.006 0.011 0.006 
 50     1265   (13)    8 :  0.005 0.963 0.008 0.007 0.017 
 51     1266   (26)    8 :  0.060 0.711 0.126 0.064 0.039 
 52     1637   (25)    1 :  0.266 0.012 0.200 0.440 0.081 
 53     1638   (19)    1 :  0.073 0.063 0.067 0.113 0.684 
 54     1639   (21)    1 :  0.244 0.007 0.535 0.162 0.052 
 55     1640   (21)    1 :  0.103 0.007 0.058 0.079 0.753 
 56     1641   (82)    1 :  0.101 0.030 0.075 0.139 0.655 
 57     1642   (55)    1 :  0.055 0.013 0.295 0.036 0.601 
 58     1643   (41)    1 :  0.290 0.019 0.188 0.382 0.120 
 59     1644   (53)    1 :  0.168 0.006 0.520 0.247 0.059 
 60     1645   (47)    1 :  0.260 0.010 0.048 0.514 0.169 
 61     1646   (49)    1 :  0.440 0.016 0.114 0.266 0.165 
 62     1647   (51)    1 :  0.092 0.012 0.593 0.252 0.051 
 63     1648   (55)    1 :  0.335 0.021 0.069 0.545 0.030 
 64     1649   (28)    3 :  0.322 0.007 0.367 0.157 0.147 
 65     1650   (26)    3 :  0.160 0.009 0.347 0.435 0.049 
 66     1651   (19)    3 :  0.617 0.015 0.079 0.256 0.033 
 67     1652   (17)    3 :  0.397 0.010 0.041 0.519 0.032 
 68     1653   (17)    3 :  0.100 0.011 0.661 0.197 0.030 
 69     1654   (33)    3 :  0.238 0.008 0.508 0.174 0.071 
 70     1655   (33)    3 :  0.183 0.011 0.023 0.331 0.452 
 71     1656   (20)    3 :  0.411 0.010 0.020 0.471 0.088 
 72     1657   (38)    3 :  0.189 0.009 0.423 0.060 0.320 
 73     1658   (22)    3 :  0.336 0.020 0.076 0.524 0.044 
 74     1659   (16)    3 :  0.626 0.008 0.027 0.241 0.098 
 75     1660   (24)    3 :  0.074 0.009 0.364 0.097 0.456 
 76     1661   (26)    3 :  0.333 0.024 0.146 0.446 0.050 
 77     1662   (36)    3 :  0.478 0.195 0.041 0.250 0.037 
 78     1663   (30)    3 :  0.132 0.006 0.641 0.145 0.076 
 79     1664   (19)    3 :  0.514 0.010 0.117 0.323 0.036 
 80     1665   (43)    3 :  0.228 0.014 0.274 0.174 0.310 
 81     1666   (33)    3 :  0.142 0.020 0.448 0.282 0.108 
 82     1667   (30)    3 :  0.376 0.028 0.087 0.466 0.043 
 83     1668   (15)    3 :  0.194 0.006 0.543 0.225 0.032 
 84     1669   (37)    3 :  0.375 0.037 0.102 0.395 0.092 
 85     1670   (61)    3 :  0.403 0.022 0.165 0.375 0.035 
 86     1671   (42)    3 :  0.352 0.018 0.063 0.374 0.193 
 87     1672   (29)    3 :  0.057 0.014 0.743 0.173 0.013 
 88     1673   (59)    3 :  0.102 0.053 0.658 0.094 0.093 
 89     1674   (20)    3 :  0.276 0.009 0.452 0.214 0.049 
 90     1675   (49)    3 :  0.327 0.043 0.029 0.390 0.211 
 91     1676   (20)    3 :  0.207 0.011 0.284 0.468 0.030 
 92     1677   (24)    3 :  0.379 0.007 0.080 0.412 0.121 
 93     1678   (32)    3 :  0.070 0.004 0.788 0.073 0.066 
 94     1679   (36)    3 :  0.573 0.075 0.020 0.280 0.053 
 95     1680   (17)    3 :  0.481 0.058 0.178 0.210 0.073 
 96     1681   (29)    3 :  0.214 0.009 0.557 0.101 0.120 
 97     1682   (39)    3 :  0.031 0.011 0.908 0.021 0.028 
 98     1683   (39)    3 :  0.462 0.007 0.063 0.428 0.040 
 99     1684   (31)    3 :  0.234 0.006 0.095 0.577 0.088 
100     1685   (16)    3 :  0.203 0.022 0.332 0.186 0.257 
101     1686   (17)    6 :  0.267 0.014 0.458 0.242 0.020 
102     1687   (38)    6 :  0.430 0.011 0.052 0.483 0.023 
103     1688   (16)    6 :  0.065 0.010 0.148 0.056 0.722 
104     1689   (22)    6 :  0.041 0.026 0.026 0.026 0.881 
105     1690   (11)    6 :  0.060 0.004 0.262 0.029 0.645 
106     1691   (24)    6 :  0.086 0.024 0.041 0.108 0.741 
107     1692   (23)    6 :  0.385 0.044 0.033 0.480 0.057 
108     1693   (21)    6 :  0.310 0.008 0.043 0.623 0.016 
109     1694   (40)    6 :  0.200 0.011 0.301 0.387 0.101 
110     1695   (13)    6 :  0.516 0.015 0.026 0.374 0.068 
111     1696   (15)    6 :  0.216 0.072 0.322 0.205 0.185 
112     1697   (19)    6 :  0.056 0.011 0.801 0.110 0.022 
113     1698   (13)    6 :  0.288 0.066 0.064 0.535 0.048 
114     1699   (23)    6 :  0.156 0.129 0.208 0.126 0.381 
115     1700   (13)    6 :  0.128 0.006 0.476 0.099 0.290 
116     1701   (15)    6 :  0.141 0.432 0.275 0.132 0.020 
117     1702   (37)    6 :  0.195 0.055 0.053 0.142 0.555 
118     1703   (16)    6 :  0.046 0.028 0.028 0.085 0.813 
119     1704   (24)    6 :  0.130 0.010 0.048 0.102 0.710 
120     1705   (13)    6 :  0.274 0.009 0.045 0.419 0.254 
121     1706   (19)    6 :  0.291 0.009 0.107 0.379 0.215 
122     1707   (41)    6 :  0.388 0.017 0.167 0.320 0.108 
123     1708   (19)    6 :  0.100 0.015 0.769 0.083 0.034 
124     1709   (52)    6 :  0.268 0.469 0.020 0.159 0.084 
125     1710   (32)    6 :  0.234 0.021 0.321 0.183 0.241 
126     1711   (39)    6 :  0.042 0.007 0.896 0.025 0.030 
127     1712   (26)    6 :  0.260 0.036 0.046 0.373 0.284 
128     1713   (32)    6 :  0.188 0.071 0.435 0.217 0.089 
129     1714   (30)    6 :  0.342 0.016 0.056 0.519 0.066 
130     1715   (19)    6 :  0.024 0.012 0.006 0.025 0.933 
131     1716   (27)    6 :  0.138 0.014 0.456 0.293 0.099 
132     1717   (26)    6 :  0.422 0.009 0.081 0.349 0.139 
133     1718   (42)    6 :  0.305 0.009 0.111 0.270 0.304 
134     1719   (23)    6 :  0.337 0.005 0.102 0.465 0.091 
135     1720   (29)    6 :  0.168 0.021 0.213 0.182 0.415 
136     1721   (24)    6 :  0.061 0.265 0.022 0.053 0.599 
137     1722   (13)    5 :  0.126 0.007 0.098 0.424 0.345 
138     1723   (20)    5 :  0.291 0.019 0.044 0.279 0.368 
139     1724   (19)    5 :  0.079 0.019 0.065 0.159 0.678 
140     1725   (25)    5 :  0.443 0.023 0.074 0.438 0.023 
141     1726   (20)    4 :  0.326 0.046 0.377 0.168 0.083 
142     1727   (30)    4 :  0.060 0.005 0.044 0.025 0.866 
143     1728   (52)    4 :  0.317 0.140 0.105 0.371 0.067 
144     1729   (30)    4 :  0.249 0.149 0.116 0.155 0.331 
145     1730   (30)    4 :  0.022 0.005 0.918 0.038 0.016 
146     1731   (58)    4 :  0.361 0.120 0.096 0.304 0.119 
147     1732   (56)    4 :  0.482 0.021 0.068 0.321 0.107 
148     1733   (22)    4 :  0.072 0.026 0.128 0.083 0.690 
149     1734   (39)    4 :  0.212 0.010 0.073 0.650 0.055 
150     1735   (49)    4 :  0.164 0.013 0.285 0.103 0.434 
151     1736   (26)    4 :  0.308 0.010 0.197 0.264 0.221 
152     1737   (14)    4 :  0.225 0.011 0.036 0.108 0.620 
153     1738   (20)    4 :  0.468 0.058 0.139 0.235 0.099 
154     1739   (16)    4 :  0.521 0.004 0.022 0.393 0.060 
155     1740   (30)    4 :  0.320 0.014 0.058 0.579 0.029 
156     1741   (49)    4 :  0.256 0.025 0.287 0.248 0.184 
157     1742   (39)    4 :  0.343 0.024 0.103 0.455 0.075 
158     1743   (27)    7 :  0.048 0.829 0.040 0.052 0.031 
159     1744   (53)    7 :  0.131 0.517 0.123 0.096 0.133 
160     1746   (59)    7 :  0.037 0.837 0.058 0.034 0.034 
161     1747   (31)    7 :  0.361 0.095 0.199 0.208 0.137 
162     1748   (34)    7 :  0.124 0.133 0.126 0.155 0.462 
163     1749   (14)    7 :  0.229 0.411 0.053 0.138 0.169 
164     1750   (30)    7 :  0.565 0.093 0.105 0.214 0.023 
165     1751   (19)    7 :  0.109 0.441 0.097 0.307 0.045 
166     1752   (43)    7 :  0.057 0.710 0.092 0.086 0.055 
167     1753   (25)    7 :  0.131 0.129 0.567 0.151 0.022 
168     1754   (53)    7 :  0.445 0.108 0.186 0.210 0.052 
169     1755   (15)    7 :  0.059 0.796 0.021 0.067 0.056 
170     1756   (11)    7 :  0.089 0.365 0.146 0.111 0.289 
171     1757   (60)    7 :  0.142 0.410 0.080 0.278 0.090 
172     1758   (60)    7 :  0.087 0.744 0.029 0.092 0.048 
173     1759   (36)    7 :  0.032 0.896 0.011 0.034 0.026 
174     1760   (24)    7 :  0.093 0.324 0.092 0.050 0.441 
175     1761   (10)    7 :  0.044 0.021 0.152 0.049 0.733 
176     1762   (18)    7 :  0.050 0.727 0.110 0.092 0.020 
177     1763   (45)    7 :  0.064 0.760 0.062 0.072 0.042 
178     1764   (16)    7 :  0.204 0.348 0.044 0.207 0.197 


Estimated Allele Frequencies in each cluster
First column gives estimated ancestral frequencies


Locus 1 : 
2 alleles
29.8% missing data
   0   (0.697) 0.708 0.660 0.676 0.713 0.705 
   1   (0.303) 0.292 0.340 0.324 0.287 0.295 

Locus 2 : 
2 alleles
21.3% missing data
   0   (0.810) 0.817 0.652 0.814 0.838 0.813 
   1   (0.190) 0.183 0.348 0.186 0.162 0.187 

Locus 3 : 
2 alleles
12.4% missing data
   0   (0.335) 0.323 0.362 0.328 0.333 0.333 
   1   (0.665) 0.677 0.638 0.672 0.667 0.667 

Locus 4 : 
2 alleles
48.9% missing data
   0   (0.860) 0.867 0.855 0.861 0.869 0.863 
   1   (0.140) 0.133 0.145 0.139 0.131 0.137 

Locus 5 : 
2 alleles
60.1% missing data
   0   (0.888) 0.884 0.963 0.888 0.886 0.890 
   1   (0.112) 0.116 0.037 0.112 0.114 0.110 

Locus 6 : 
2 alleles
28.1% missing data
   0   (0.858) 0.854 0.916 0.896 0.852 0.841 
   1   (0.142) 0.146 0.084 0.104 0.148 0.159 

Locus 7 : 
2 alleles
61.2% missing data
   0   (0.847) 0.853 0.832 0.768 0.865 0.877 
   1   (0.153) 0.147 0.168 0.232 0.135 0.123 

Locus 8 : 
2 alleles
62.4% missing data
   0   (0.839) 0.844 0.830 0.762 0.857 0.872 
   1   (0.161) 0.156 0.170 0.238 0.143 0.128 

Locus 9 : 
2 alleles
18.0% missing data
   0   (0.956) 0.955 0.979 0.963 0.959 0.980 
   1   (0.044) 0.045 0.021 0.037 0.041 0.020 

Locus 10 : 
2 alleles
8.4% missing data
   0   (0.254) 0.259 0.318 0.227 0.252 0.219 
   1   (0.746) 0.741 0.682 0.773 0.748 0.781 

Locus 11 : 
2 alleles
15.2% missing data
   0   (0.860) 0.869 0.854 0.870 0.872 0.853 
   1   (0.140) 0.131 0.146 0.130 0.128 0.147 

Locus 12 : 
2 alleles
18.0% missing data
   0   (0.928) 0.923 0.929 0.930 0.937 0.956 
   1   (0.072) 0.077 0.071 0.070 0.063 0.044 

Locus 13 : 
2 alleles
28.1% missing data
   1   (0.947) 0.943 0.931 0.973 0.950 0.970 
   0   (0.053) 0.057 0.069 0.027 0.050 0.030 

Locus 14 : 
2 alleles
22.5% missing data
   0   (0.837) 0.850 0.682 0.842 0.863 0.826 
   1   (0.163) 0.150 0.318 0.158 0.137 0.174 

Locus 15 : 
2 alleles
23.0% missing data
   0   (0.834) 0.846 0.682 0.839 0.860 0.824 
   1   (0.166) 0.154 0.318 0.161 0.140 0.176 

Locus 16 : 
2 alleles
20.8% missing data
   0   (0.851) 0.845 0.940 0.867 0.844 0.863 
   1   (0.149) 0.155 0.060 0.133 0.156 0.137 

Locus 17 : 
2 alleles
11.8% missing data
   1   (0.719) 0.732 0.791 0.639 0.730 0.715 
   0   (0.281) 0.268 0.209 0.361 0.270 0.285 

Locus 18 : 
2 alleles
46.1% missing data
   0   (0.911) 0.910 0.957 0.913 0.904 0.935 
   1   (0.089) 0.090 0.043 0.087 0.096 0.065 

Locus 19 : 
2 alleles
46.6% missing data
   0   (0.888) 0.894 0.912 0.890 0.896 0.883 
   1   (0.112) 0.106 0.088 0.110 0.104 0.117 

Locus 20 : 
2 alleles
2.8% missing data
   0   (0.913) 0.915 0.865 0.941 0.917 0.933 
   1   (0.087) 0.085 0.135 0.059 0.083 0.067 

Locus 21 : 
2 alleles
6.7% missing data
   1   (0.860) 0.854 0.886 0.841 0.878 0.886 
   0   (0.140) 0.146 0.114 0.159 0.122 0.114 

Locus 22 : 
2 alleles
9.0% missing data
   1   (0.900) 0.912 0.759 0.904 0.918 0.910 
   0   (0.100) 0.088 0.241 0.096 0.082 0.090 

Locus 23 : 
2 alleles
32.6% missing data
   0   (0.921) 0.918 0.959 0.901 0.931 0.939 
   1   (0.079) 0.082 0.041 0.099 0.069 0.061 

Locus 24 : 
2 alleles
50.6% missing data
   0   (0.889) 0.889 0.979 0.879 0.886 0.871 
   1   (0.111) 0.111 0.021 0.121 0.114 0.129 

Locus 25 : 
2 alleles
36.0% missing data
   0   (0.640) 0.659 0.620 0.515 0.654 0.675 
   1   (0.360) 0.341 0.380 0.485 0.346 0.325 

Locus 26 : 
2 alleles
21.9% missing data
   0   (0.961) 0.966 0.862 0.982 0.968 0.970 
   1   (0.039) 0.034 0.138 0.018 0.032 0.030 

Locus 27 : 
2 alleles
10.1% missing data
   0   (0.865) 0.880 0.875 0.893 0.878 0.778 
   1   (0.135) 0.120 0.125 0.107 0.122 0.222 

Locus 28 : 
2 alleles
39.3% missing data
   0   (0.930) 0.934 0.843 0.959 0.939 0.928 
   1   (0.070) 0.066 0.157 0.041 0.061 0.072 

Locus 29 : 
2 alleles
34.3% missing data
   1   (0.448) 0.440 0.459 0.479 0.431 0.490 
   0   (0.552) 0.560 0.541 0.521 0.569 0.510 

Locus 30 : 
2 alleles
48.3% missing data
   0   (0.866) 0.872 0.811 0.858 0.881 0.879 
   1   (0.134) 0.128 0.189 0.142 0.119 0.121 

Locus 31 : 
2 alleles
20.2% missing data
   0   (0.929) 0.930 0.808 0.959 0.934 0.950 
   1   (0.071) 0.070 0.192 0.041 0.066 0.050 

Locus 32 : 
2 alleles
1.1% missing data
   0   (0.843) 0.845 0.939 0.814 0.829 0.872 
   1   (0.157) 0.155 0.061 0.186 0.171 0.128 

Locus 33 : 
2 alleles
31.5% missing data
   0   (0.965) 0.971 0.829 0.981 0.970 0.982 
   1   (0.035) 0.029 0.171 0.019 0.030 0.018 

Locus 34 : 
2 alleles
33.1% missing data
   1   (0.853) 0.857 0.935 0.812 0.856 0.879 
   0   (0.147) 0.143 0.065 0.188 0.144 0.121 

Locus 35 : 
2 alleles
28.1% missing data
   0   (0.768) 0.765 0.850 0.794 0.756 0.782 
   1   (0.232) 0.235 0.150 0.206 0.244 0.218 

Locus 36 : 
2 alleles
21.3% missing data
   0   (0.905) 0.912 0.812 0.941 0.898 0.933 
   1   (0.095) 0.088 0.188 0.059 0.102 0.067 

Locus 37 : 
2 alleles
9.0% missing data
   0   (0.792) 0.780 0.837 0.790 0.778 0.863 
   1   (0.208) 0.220 0.163 0.210 0.222 0.137 

Locus 38 : 
2 alleles
23.6% missing data
   0   (0.943) 0.941 0.963 0.965 0.943 0.960 
   1   (0.057) 0.059 0.037 0.035 0.057 0.040 

Locus 39 : 
2 alleles
34.8% missing data
   0   (0.791) 0.785 0.875 0.756 0.780 0.845 
   1   (0.209) 0.215 0.125 0.244 0.220 0.155 

Locus 40 : 
2 alleles
20.2% missing data
   0   (0.728) 0.733 0.821 0.717 0.723 0.743 
   1   (0.272) 0.267 0.179 0.283 0.277 0.257 

Locus 41 : 
2 alleles
52.8% missing data
   0   (0.931) 0.940 0.827 0.953 0.944 0.914 
   1   (0.069) 0.060 0.173 0.047 0.056 0.086 

Locus 42 : 
2 alleles
22.5% missing data
   0   (0.895) 0.889 0.950 0.915 0.900 0.898 
   1   (0.105) 0.111 0.050 0.085 0.100 0.102 

Locus 43 : 
2 alleles
22.5% missing data
   0   (0.846) 0.851 0.789 0.869 0.847 0.854 
   1   (0.154) 0.149 0.211 0.131 0.153 0.146 

Locus 44 : 
2 alleles
18.0% missing data
   0   (0.946) 0.947 0.919 0.978 0.938 0.969 
   1   (0.054) 0.053 0.081 0.022 0.062 0.031 

Locus 45 : 
2 alleles
52.2% missing data
   0   (0.767) 0.756 0.866 0.767 0.755 0.800 
   1   (0.233) 0.244 0.134 0.233 0.245 0.200 

Locus 46 : 
2 alleles
25.3% missing data
   0   (0.946) 0.950 0.841 0.972 0.943 0.975 
   1   (0.054) 0.050 0.159 0.028 0.057 0.025 

Locus 47 : 
2 alleles
18.5% missing data
   0   (0.926) 0.935 0.854 0.911 0.943 0.941 
   1   (0.074) 0.065 0.146 0.089 0.057 0.059 

Locus 48 : 
2 alleles
57.3% missing data
   0   (0.973) 0.977 0.963 0.983 0.979 0.984 
   1   (0.027) 0.023 0.037 0.017 0.021 0.016 

Locus 49 : 
2 alleles
51.7% missing data
   0   (0.873) 0.872 0.853 0.895 0.881 0.886 
   1   (0.127) 0.128 0.147 0.105 0.119 0.114 

Locus 50 : 
2 alleles
11.2% missing data
   0   (0.705) 0.689 0.524 0.776 0.691 0.796 
   1   (0.295) 0.311 0.476 0.224 0.309 0.204 

Locus 51 : 
2 alleles
18.0% missing data
   0   (0.662) 0.672 0.537 0.669 0.671 0.666 
   1   (0.338) 0.328 0.463 0.331 0.329 0.334 

Locus 52 : 
2 alleles
33.7% missing data
   0   (0.684) 0.671 0.776 0.713 0.660 0.723 
   1   (0.316) 0.329 0.224 0.287 0.340 0.277 

Locus 53 : 
2 alleles
8.4% missing data
   0   (0.199) 0.199 0.238 0.147 0.201 0.195 
   1   (0.801) 0.801 0.762 0.853 0.799 0.805 

Locus 54 : 
2 alleles
22.5% missing data
   0   (0.925) 0.925 0.928 0.941 0.929 0.948 
   1   (0.075) 0.075 0.072 0.059 0.071 0.052 

Locus 55 : 
2 alleles
19.1% missing data
   0   (0.724) 0.719 0.837 0.709 0.714 0.745 
   1   (0.276) 0.281 0.163 0.291 0.286 0.255 

Locus 56 : 
2 alleles
10.1% missing data
   0   (0.880) 0.886 0.921 0.899 0.887 0.832 
   1   (0.120) 0.114 0.079 0.101 0.113 0.168 

Locus 57 : 
2 alleles
13.5% missing data
   0   (0.524) 0.519 0.502 0.547 0.519 0.535 
   1   (0.476) 0.481 0.498 0.453 0.481 0.465 

Locus 58 : 
2 alleles
33.1% missing data
   0   (0.612) 0.613 0.706 0.610 0.604 0.606 
   1   (0.388) 0.387 0.294 0.390 0.396 0.394 

Locus 59 : 
2 alleles
32.6% missing data
   0   (0.287) 0.250 0.857 0.292 0.256 0.214 
   1   (0.713) 0.750 0.143 0.708 0.744 0.786 

Locus 60 : 
2 alleles
44.4% missing data
   1   (0.662) 0.660 0.776 0.689 0.658 0.594 
   0   (0.338) 0.340 0.224 0.311 0.342 0.406 

Locus 61 : 
2 alleles
16.9% missing data
   0   (0.852) 0.852 0.777 0.883 0.852 0.878 
   1   (0.148) 0.148 0.223 0.117 0.148 0.122 

Locus 62 : 
2 alleles
7.9% missing data
   0   (0.921) 0.921 0.910 0.937 0.930 0.931 
   1   (0.079) 0.079 0.090 0.063 0.070 0.069 

Locus 63 : 
2 alleles
36.5% missing data
   0   (0.932) 0.940 0.881 0.944 0.938 0.936 
   1   (0.068) 0.060 0.119 0.056 0.062 0.064 

Locus 64 : 
2 alleles
9.0% missing data
   0   (0.684) 0.676 0.850 0.657 0.665 0.729 
   1   (0.316) 0.324 0.150 0.343 0.335 0.271 

Locus 65 : 
2 alleles
38.8% missing data
   1   (0.146) 0.144 0.182 0.122 0.137 0.143 
   0   (0.854) 0.856 0.818 0.878 0.863 0.857 

Locus 66 : 
2 alleles
18.0% missing data
   0   (0.944) 0.949 0.892 0.954 0.947 0.972 
   1   (0.056) 0.051 0.108 0.046 0.053 0.028 

Locus 67 : 
2 alleles
23.0% missing data
   0   (0.848) 0.850 0.901 0.902 0.844 0.809 
   1   (0.152) 0.150 0.099 0.098 0.156 0.191 

Locus 68 : 
2 alleles
48.9% missing data
   0   (0.942) 0.944 0.945 0.964 0.947 0.952 
   1   (0.058) 0.056 0.055 0.036 0.053 0.048 

Locus 69 : 
2 alleles
23.0% missing data
   1   (0.850) 0.861 0.777 0.855 0.868 0.835 
   0   (0.150) 0.139 0.223 0.145 0.132 0.165 

Locus 70 : 
2 alleles
42.7% missing data
   0   (0.805) 0.806 0.763 0.811 0.815 0.832 
   1   (0.195) 0.194 0.237 0.189 0.185 0.168 

Locus 71 : 
2 alleles
12.4% missing data
   0   (0.955) 0.961 0.888 0.957 0.964 0.978 
   1   (0.045) 0.039 0.112 0.043 0.036 0.022 

Locus 72 : 
2 alleles
19.1% missing data
   0   (0.960) 0.966 0.959 0.951 0.969 0.979 
   1   (0.040) 0.034 0.041 0.049 0.031 0.021 

Locus 73 : 
2 alleles
8.4% missing data
   0   (0.930) 0.924 0.906 0.958 0.933 0.957 
   1   (0.070) 0.076 0.094 0.042 0.067 0.043 

Locus 74 : 
2 alleles
37.1% missing data
   0   (0.867) 0.876 0.932 0.872 0.865 0.844 
   1   (0.133) 0.124 0.068 0.128 0.135 0.156 

Locus 75 : 
2 alleles
61.8% missing data
   0   (0.916) 0.912 0.959 0.936 0.913 0.935 
   1   (0.084) 0.088 0.041 0.064 0.087 0.065 

Locus 76 : 
2 alleles
45.5% missing data
   0   (0.888) 0.892 0.954 0.858 0.896 0.895 
   1   (0.112) 0.108 0.046 0.142 0.104 0.105 

Locus 77 : 
2 alleles
56.2% missing data
   1   (0.837) 0.840 0.854 0.845 0.837 0.847 
   0   (0.163) 0.160 0.146 0.155 0.163 0.153 

Locus 78 : 
2 alleles
10.7% missing data
   1   (0.322) 0.316 0.329 0.353 0.287 0.403 
   0   (0.678) 0.684 0.671 0.647 0.713 0.597 

Locus 79 : 
2 alleles
6.7% missing data
   0   (0.926) 0.938 0.859 0.949 0.936 0.919 
   1   (0.074) 0.062 0.141 0.051 0.064 0.081 

Locus 80 : 
2 alleles
2.8% missing data
   0   (0.831) 0.842 0.821 0.776 0.849 0.841 
   1   (0.169) 0.158 0.179 0.224 0.151 0.159 

Locus 81 : 
2 alleles
42.1% missing data
   0   (0.318) 0.320 0.480 0.300 0.323 0.231 
   1   (0.682) 0.680 0.520 0.700 0.677 0.769 

Locus 82 : 
2 alleles
11.8% missing data
   0   (0.919) 0.922 0.926 0.897 0.931 0.955 
   1   (0.081) 0.078 0.074 0.103 0.069 0.045 

Locus 83 : 
2 alleles
3.4% missing data
   0   (0.510) 0.510 0.650 0.479 0.483 0.536 
   1   (0.490) 0.490 0.350 0.521 0.517 0.464 

Locus 84 : 
2 alleles
35.4% missing data
   0   (0.892) 0.878 0.889 0.916 0.893 0.938 
   1   (0.108) 0.122 0.111 0.084 0.107 0.062 

Locus 85 : 
2 alleles
51.7% missing data
   0   (0.792) 0.787 0.761 0.841 0.797 0.791 
   1   (0.208) 0.213 0.239 0.159 0.203 0.209 

Locus 86 : 
2 alleles
29.2% missing data
   0   (0.916) 0.921 0.927 0.946 0.917 0.903 
   1   (0.084) 0.079 0.073 0.054 0.083 0.097 

Locus 87 : 
2 alleles
16.3% missing data
   0   (0.886) 0.893 0.860 0.877 0.887 0.925 
   1   (0.114) 0.107 0.140 0.123 0.113 0.075 

Locus 88 : 
2 alleles
53.4% missing data
   0   (0.391) 0.371 0.880 0.273 0.367 0.358 
   1   (0.609) 0.629 0.120 0.727 0.633 0.642 

Locus 89 : 
2 alleles
26.4% missing data
   0   (0.935) 0.936 0.964 0.939 0.938 0.957 
   1   (0.065) 0.064 0.036 0.061 0.062 0.043 

Locus 90 : 
2 alleles
15.7% missing data
   0   (0.913) 0.924 0.903 0.874 0.926 0.939 
   1   (0.087) 0.076 0.097 0.126 0.074 0.061 

Locus 91 : 
2 alleles
24.2% missing data
   0   (0.894) 0.888 0.923 0.930 0.879 0.930 
   1   (0.106) 0.112 0.077 0.070 0.121 0.070 

Locus 92 : 
2 alleles
18.5% missing data
   0   (0.881) 0.885 0.867 0.907 0.884 0.897 
   1   (0.119) 0.115 0.133 0.093 0.116 0.103 

Locus 93 : 
2 alleles
36.0% missing data
   1   (0.654) 0.629 0.811 0.699 0.630 0.672 
   0   (0.346) 0.371 0.189 0.301 0.370 0.328 

Locus 94 : 
2 alleles
29.8% missing data
   0   (0.551) 0.547 0.612 0.532 0.548 0.547 
   1   (0.449) 0.453 0.388 0.468 0.452 0.453 

Locus 95 : 
2 alleles
15.7% missing data
   1   (0.806) 0.807 0.841 0.794 0.813 0.817 
   0   (0.194) 0.193 0.159 0.206 0.187 0.183 

Locus 96 : 
2 alleles
28.7% missing data
   0   (0.528) 0.533 0.461 0.497 0.541 0.559 
   1   (0.472) 0.467 0.539 0.503 0.459 0.441 

Locus 97 : 
2 alleles
50.6% missing data
   0   (0.860) 0.867 0.864 0.838 0.864 0.884 
   1   (0.140) 0.133 0.136 0.162 0.136 0.116 

Locus 98 : 
2 alleles
16.9% missing data
   0   (0.836) 0.841 0.722 0.835 0.842 0.896 
   1   (0.164) 0.159 0.278 0.165 0.158 0.104 

Locus 99 : 
2 alleles
0.0% missing data
   0   (0.896) 0.901 0.859 0.909 0.890 0.942 
   1   (0.104) 0.099 0.141 0.091 0.110 0.058 

Locus 100 : 
2 alleles
7.9% missing data
   0   (0.453) 0.439 0.661 0.441 0.434 0.455 
   1   (0.547) 0.561 0.339 0.559 0.566 0.545 

Locus 101 : 
2 alleles
13.5% missing data
   1   (0.688) 0.685 0.726 0.605 0.687 0.762 
   0   (0.312) 0.315 0.274 0.395 0.313 0.238 

Locus 102 : 
2 alleles
20.8% missing data
   1   (0.694) 0.698 0.734 0.588 0.711 0.723 
   0   (0.306) 0.302 0.266 0.412 0.289 0.277 

Locus 103 : 
2 alleles
2.2% missing data
   0   (0.944) 0.943 0.912 0.976 0.944 0.966 
   1   (0.056) 0.057 0.088 0.024 0.056 0.034 

Locus 104 : 
2 alleles
33.7% missing data
   1   (0.764) 0.772 0.739 0.799 0.780 0.701 
   0   (0.236) 0.228 0.261 0.201 0.220 0.299 

Locus 105 : 
2 alleles
37.1% missing data
   0   (0.682) 0.705 0.631 0.680 0.704 0.574 
   1   (0.318) 0.295 0.369 0.320 0.296 0.426 

Locus 106 : 
2 alleles
13.5% missing data
   0   (0.876) 0.875 0.754 0.898 0.873 0.928 
   1   (0.124) 0.125 0.246 0.102 0.127 0.072 

Locus 107 : 
2 alleles
38.8% missing data
   0   (0.800) 0.815 0.739 0.775 0.812 0.792 
   1   (0.200) 0.185 0.261 0.225 0.188 0.208 

Locus 108 : 
2 alleles
11.8% missing data
   0   (0.875) 0.866 0.934 0.910 0.847 0.924 
   1   (0.125) 0.134 0.066 0.090 0.153 0.076 

Locus 109 : 
2 alleles
25.3% missing data
   0   (0.891) 0.883 0.842 0.900 0.903 0.934 
   1   (0.109) 0.117 0.158 0.100 0.097 0.066 

Locus 110 : 
2 alleles
12.4% missing data
   1   (0.603) 0.597 0.665 0.625 0.589 0.602 
   0   (0.397) 0.403 0.335 0.375 0.411 0.398 

Locus 111 : 
2 alleles
32.6% missing data
   0   (0.782) 0.775 0.704 0.824 0.793 0.799 
   1   (0.218) 0.225 0.296 0.176 0.207 0.201 

Locus 112 : 
2 alleles
53.4% missing data
   0   (0.867) 0.856 0.933 0.878 0.867 0.884 
   1   (0.133) 0.144 0.067 0.122 0.133 0.116 

Locus 113 : 
2 alleles
16.9% missing data
   1   (0.886) 0.895 0.887 0.886 0.891 0.894 
   0   (0.114) 0.105 0.113 0.114 0.109 0.106 

Locus 114 : 
2 alleles
5.6% missing data
   0   (0.922) 0.930 0.869 0.953 0.942 0.848 
   1   (0.078) 0.070 0.131 0.047 0.058 0.152 

Locus 115 : 
2 alleles
25.8% missing data
   0   (0.812) 0.803 0.716 0.884 0.802 0.838 
   1   (0.188) 0.197 0.284 0.116 0.198 0.162 

Locus 116 : 
2 alleles
24.7% missing data
   0   (0.757) 0.764 0.828 0.787 0.751 0.718 
   1   (0.243) 0.236 0.172 0.213 0.249 0.282 

Locus 117 : 
2 alleles
13.5% missing data
   0   (0.817) 0.820 0.869 0.780 0.834 0.808 
   1   (0.183) 0.180 0.131 0.220 0.166 0.192 

Locus 118 : 
2 alleles
5.6% missing data
   0   (0.579) 0.565 0.913 0.516 0.567 0.498 
   1   (0.421) 0.435 0.087 0.484 0.433 0.502 

Locus 119 : 
2 alleles
15.2% missing data
   0   (0.793) 0.774 0.923 0.786 0.798 0.791 
   1   (0.207) 0.226 0.077 0.214 0.202 0.209 

Locus 120 : 
2 alleles
23.0% missing data
   0   (0.891) 0.890 0.894 0.914 0.881 0.932 
   1   (0.109) 0.110 0.106 0.086 0.119 0.068 

Locus 121 : 
2 alleles
25.3% missing data
   0   (0.876) 0.875 0.892 0.901 0.881 0.878 
   1   (0.124) 0.125 0.108 0.099 0.119 0.122 

Locus 122 : 
2 alleles
12.9% missing data
   0   (0.811) 0.809 0.874 0.831 0.828 0.776 
   1   (0.189) 0.191 0.126 0.169 0.172 0.224 

Locus 123 : 
2 alleles
20.2% missing data
   1   (0.893) 0.900 0.805 0.914 0.889 0.928 
   0   (0.107) 0.100 0.195 0.086 0.111 0.072 

Locus 124 : 
2 alleles
43.8% missing data
   0   (0.600) 0.596 0.589 0.630 0.594 0.626 
   1   (0.400) 0.404 0.411 0.370 0.406 0.374 

Locus 125 : 
2 alleles
2.8% missing data
   0   (0.933) 0.934 0.947 0.952 0.930 0.961 
   1   (0.067) 0.066 0.053 0.048 0.070 0.039 

Locus 126 : 
2 alleles
15.2% missing data
   0   (0.879) 0.885 0.939 0.891 0.884 0.833 
   1   (0.121) 0.115 0.061 0.109 0.116 0.167 

Locus 127 : 
2 alleles
16.9% missing data
   0   (0.661) 0.656 0.619 0.663 0.667 0.700 
   1   (0.339) 0.344 0.381 0.337 0.333 0.300 

Locus 128 : 
2 alleles
63.5% missing data
   0   (0.717) 0.720 0.750 0.764 0.724 0.641 
   1   (0.283) 0.280 0.250 0.236 0.276 0.359 

Locus 129 : 
2 alleles
32.6% missing data
   0   (0.738) 0.743 0.627 0.789 0.743 0.753 
   1   (0.262) 0.257 0.373 0.211 0.257 0.247 

Locus 130 : 
2 alleles
30.9% missing data
   0   (0.862) 0.863 0.844 0.895 0.864 0.871 
   1   (0.138) 0.137 0.156 0.105 0.136 0.129 

Locus 131 : 
2 alleles
31.5% missing data
   0   (0.932) 0.934 0.929 0.952 0.931 0.954 
   1   (0.068) 0.066 0.071 0.048 0.069 0.046 

Locus 132 : 
2 alleles
9.0% missing data
   0   (0.795) 0.802 0.822 0.826 0.803 0.747 
   1   (0.205) 0.198 0.178 0.174 0.197 0.253 

Locus 133 : 
2 alleles
19.1% missing data
   1   (0.423) 0.418 0.493 0.367 0.420 0.461 
   0   (0.577) 0.582 0.507 0.633 0.580 0.539 

Locus 134 : 
2 alleles
45.5% missing data
   0   (0.811) 0.810 0.933 0.798 0.811 0.792 
   1   (0.189) 0.190 0.067 0.202 0.189 0.208 

Locus 135 : 
2 alleles
19.7% missing data
   0   (0.731) 0.733 0.746 0.743 0.741 0.688 
   1   (0.269) 0.267 0.254 0.257 0.259 0.312 

Locus 136 : 
2 alleles
2.8% missing data
   0   (0.897) 0.905 0.836 0.907 0.908 0.927 
   1   (0.103) 0.095 0.164 0.093 0.092 0.073 

Locus 137 : 
2 alleles
1.1% missing data
   1   (0.611) 0.606 0.744 0.539 0.609 0.658 
   0   (0.389) 0.394 0.256 0.461 0.391 0.342 

Locus 138 : 
2 alleles
49.4% missing data
   0   (0.849) 0.855 0.934 0.869 0.852 0.766 
   1   (0.151) 0.145 0.066 0.131 0.148 0.234 

Locus 139 : 
2 alleles
18.5% missing data
   0   (0.933) 0.943 0.913 0.897 0.949 0.947 
   1   (0.067) 0.057 0.087 0.103 0.051 0.053 

Locus 140 : 
2 alleles
16.3% missing data
   0   (0.940) 0.947 0.870 0.949 0.949 0.954 
   1   (0.060) 0.053 0.130 0.051 0.051 0.046 

Locus 141 : 
2 alleles
19.1% missing data
   0   (0.694) 0.686 0.716 0.749 0.691 0.659 
   1   (0.306) 0.314 0.284 0.251 0.309 0.341 

Locus 142 : 
2 alleles
16.3% missing data
   0   (0.433) 0.443 0.453 0.383 0.439 0.440 
   1   (0.567) 0.557 0.547 0.617 0.561 0.560 

Locus 143 : 
2 alleles
29.2% missing data
   0   (0.782) 0.785 0.793 0.762 0.792 0.789 
   1   (0.218) 0.215 0.207 0.238 0.208 0.211 

Locus 144 : 
2 alleles
6.7% missing data
   0   (0.903) 0.909 0.923 0.877 0.897 0.943 
   1   (0.097) 0.091 0.077 0.123 0.103 0.057 

Locus 145 : 
2 alleles
3.4% missing data
   0   (0.924) 0.930 0.893 0.902 0.938 0.957 
   1   (0.076) 0.070 0.107 0.098 0.062 0.043 

Locus 146 : 
2 alleles
17.4% missing data
   1   (0.686) 0.674 0.692 0.734 0.656 0.769 
   0   (0.314) 0.326 0.308 0.266 0.344 0.231 

Locus 147 : 
2 alleles
9.6% missing data
   0   (0.771) 0.779 0.607 0.741 0.779 0.851 
   1   (0.229) 0.221 0.393 0.259 0.221 0.149 

Locus 148 : 
2 alleles
11.8% missing data
   0   (0.894) 0.896 0.844 0.917 0.900 0.927 
   1   (0.106) 0.104 0.156 0.083 0.100 0.073 

Locus 149 : 
2 alleles
6.7% missing data
   0   (0.437) 0.425 0.511 0.447 0.422 0.455 
   1   (0.563) 0.575 0.489 0.553 0.578 0.545 

Locus 150 : 
2 alleles
44.9% missing data
   0   (0.822) 0.825 0.932 0.797 0.823 0.790 
   1   (0.178) 0.175 0.068 0.203 0.177 0.210 

Locus 151 : 
2 alleles
44.9% missing data
   1   (0.573) 0.562 0.749 0.561 0.551 0.605 
   0   (0.427) 0.438 0.251 0.439 0.449 0.395 

Locus 152 : 
2 alleles
22.5% missing data
   0   (0.860) 0.868 0.879 0.877 0.866 0.843 
   1   (0.140) 0.132 0.121 0.123 0.134 0.157 

Locus 153 : 
2 alleles
23.6% missing data
   0   (0.892) 0.901 0.919 0.910 0.885 0.888 
   1   (0.108) 0.099 0.081 0.090 0.115 0.112 

Locus 154 : 
2 alleles
6.7% missing data
   0   (0.962) 0.968 0.889 0.961 0.972 0.986 
   1   (0.038) 0.032 0.111 0.039 0.028 0.014 

Locus 155 : 
2 alleles
6.2% missing data
   0   (0.822) 0.807 0.842 0.893 0.810 0.835 
   1   (0.178) 0.193 0.158 0.107 0.190 0.165 

Locus 156 : 
2 alleles
22.5% missing data
   0   (0.920) 0.922 0.974 0.917 0.920 0.931 
   1   (0.080) 0.078 0.026 0.083 0.080 0.069 

Locus 157 : 
2 alleles
47.2% missing data
   1   (0.879) 0.881 0.900 0.887 0.889 0.866 
   0   (0.121) 0.119 0.100 0.113 0.111 0.134 

Locus 158 : 
2 alleles
34.3% missing data
   0   (0.754) 0.751 0.866 0.761 0.736 0.762 
   1   (0.246) 0.249 0.134 0.239 0.264 0.238 

Locus 159 : 
2 alleles
11.8% missing data
   1   (0.108) 0.103 0.131 0.096 0.108 0.072 
   0   (0.892) 0.897 0.869 0.904 0.892 0.928 

Locus 160 : 
2 alleles
26.4% missing data
   0   (0.937) 0.941 0.947 0.936 0.941 0.956 
   1   (0.063) 0.059 0.053 0.064 0.059 0.044 

Locus 161 : 
2 alleles
16.9% missing data
   0   (0.853) 0.854 0.715 0.883 0.857 0.872 
   1   (0.147) 0.146 0.285 0.117 0.143 0.128 

Locus 162 : 
2 alleles
18.0% missing data
   1   (0.957) 0.962 0.933 0.970 0.963 0.975 
   0   (0.043) 0.038 0.067 0.030 0.037 0.025 

Locus 163 : 
2 alleles
46.6% missing data
   1   (0.754) 0.760 0.751 0.785 0.759 0.721 
   0   (0.246) 0.240 0.249 0.215 0.241 0.279 

Locus 164 : 
2 alleles
27.0% missing data
   0   (0.902) 0.912 0.856 0.915 0.919 0.887 
   1   (0.098) 0.088 0.144 0.085 0.081 0.113 

Locus 165 : 
2 alleles
24.2% missing data
   0   (0.908) 0.908 0.877 0.902 0.907 0.953 
   1   (0.092) 0.092 0.123 0.098 0.093 0.047 

Locus 166 : 
2 alleles
46.1% missing data
   1   (0.704) 0.696 0.775 0.678 0.703 0.738 
   0   (0.296) 0.304 0.225 0.322 0.297 0.262 

Locus 167 : 
2 alleles
38.8% missing data
   0   (0.885) 0.872 0.945 0.888 0.888 0.913 
   1   (0.115) 0.128 0.055 0.112 0.112 0.087 

Locus 168 : 
2 alleles
15.2% missing data
   0   (0.821) 0.824 0.849 0.830 0.815 0.838 
   1   (0.179) 0.176 0.151 0.170 0.185 0.162 

Locus 169 : 
2 alleles
3.4% missing data
   1   (0.588) 0.579 0.689 0.567 0.583 0.631 
   0   (0.412) 0.421 0.311 0.433 0.417 0.369 

Locus 170 : 
2 alleles
43.8% missing data
   0   (0.843) 0.850 0.896 0.867 0.839 0.826 
   1   (0.157) 0.150 0.104 0.133 0.161 0.174 

Locus 171 : 
2 alleles
11.2% missing data
   0   (0.920) 0.910 0.904 0.942 0.927 0.949 
   1   (0.080) 0.090 0.096 0.058 0.073 0.051 

Locus 172 : 
2 alleles
29.2% missing data
   0   (0.838) 0.852 0.925 0.712 0.850 0.845 
   1   (0.162) 0.148 0.075 0.288 0.150 0.155 

Locus 173 : 
2 alleles
16.9% missing data
   0   (0.904) 0.907 0.939 0.860 0.915 0.929 
   1   (0.096) 0.093 0.061 0.140 0.085 0.071 

Locus 174 : 
2 alleles
16.3% missing data
   0   (0.874) 0.864 0.929 0.869 0.865 0.918 
   1   (0.126) 0.136 0.071 0.131 0.135 0.082 

Locus 175 : 
2 alleles
10.1% missing data
   0   (0.875) 0.861 0.936 0.892 0.867 0.921 
   1   (0.125) 0.139 0.064 0.108 0.133 0.079 

Locus 176 : 
2 alleles
10.7% missing data
   0   (0.779) 0.792 0.786 0.837 0.772 0.696 
   1   (0.221) 0.208 0.214 0.163 0.228 0.304 

Locus 177 : 
2 alleles
28.7% missing data
   0   (0.610) 0.591 0.688 0.662 0.589 0.650 
   1   (0.390) 0.409 0.312 0.338 0.411 0.350 

Locus 178 : 
2 alleles
18.5% missing data
   1   (0.851) 0.844 0.943 0.890 0.839 0.841 
   0   (0.149) 0.156 0.057 0.110 0.161 0.159 

Locus 179 : 
2 alleles
12.9% missing data
   0   (0.838) 0.855 0.787 0.847 0.841 0.834 
   1   (0.162) 0.145 0.213 0.153 0.159 0.166 

Locus 180 : 
2 alleles
7.9% missing data
   1   (0.954) 0.957 0.950 0.976 0.964 0.956 
   0   (0.046) 0.043 0.050 0.024 0.036 0.044 

Locus 181 : 
2 alleles
2.2% missing data
   0   (0.406) 0.389 0.517 0.417 0.394 0.429 
   1   (0.594) 0.611 0.483 0.583 0.606 0.571 

Locus 182 : 
2 alleles
26.4% missing data
   0   (0.624) 0.621 0.611 0.609 0.625 0.644 
   1   (0.376) 0.379 0.389 0.391 0.375 0.356 

Locus 183 : 
2 alleles
28.7% missing data
   1   (0.840) 0.847 0.637 0.901 0.853 0.821 
   0   (0.160) 0.153 0.363 0.099 0.147 0.179 

Locus 184 : 
2 alleles
48.3% missing data
   0   (0.903) 0.904 0.873 0.914 0.912 0.918 
   1   (0.097) 0.096 0.127 0.086 0.088 0.082 

Locus 185 : 
2 alleles
10.1% missing data
   0   (0.952) 0.957 0.933 0.973 0.962 0.953 
   1   (0.048) 0.043 0.067 0.027 0.038 0.047 

Locus 186 : 
2 alleles
1.7% missing data
   0   (0.915) 0.915 0.951 0.877 0.914 0.955 
   1   (0.085) 0.085 0.049 0.123 0.086 0.045 

Locus 187 : 
2 alleles
21.9% missing data
   0   (0.902) 0.908 0.963 0.822 0.897 0.951 
   1   (0.098) 0.092 0.037 0.178 0.103 0.049 

Locus 188 : 
2 alleles
18.5% missing data
   1   (0.945) 0.941 0.987 0.935 0.949 0.962 
   0   (0.055) 0.059 0.013 0.065 0.051 0.038 

Locus 189 : 
2 alleles
47.8% missing data
   1   (0.722) 0.734 0.619 0.676 0.738 0.754 
   0   (0.278) 0.266 0.381 0.324 0.262 0.246 

Locus 190 : 
2 alleles
52.8% missing data
   1   (0.267) 0.270 0.232 0.265 0.268 0.240 
   0   (0.733) 0.730 0.768 0.735 0.732 0.760 

Locus 191 : 
2 alleles
16.9% missing data
   0   (0.948) 0.953 0.907 0.955 0.952 0.976 
   1   (0.052) 0.047 0.093 0.045 0.048 0.024 

Locus 192 : 
2 alleles
16.9% missing data
   0   (0.904) 0.917 0.855 0.925 0.917 0.874 
   1   (0.096) 0.083 0.145 0.075 0.083 0.126 

Locus 193 : 
2 alleles
18.5% missing data
   0   (0.881) 0.874 0.946 0.912 0.869 0.893 
   1   (0.119) 0.126 0.054 0.088 0.131 0.107 

Locus 194 : 
2 alleles
3.4% missing data
   1   (0.864) 0.860 0.918 0.880 0.853 0.901 
   0   (0.136) 0.140 0.082 0.120 0.147 0.099 

Locus 195 : 
2 alleles
6.2% missing data
   0   (0.951) 0.955 0.937 0.939 0.962 0.970 
   1   (0.049) 0.045 0.063 0.061 0.038 0.030 

Locus 196 : 
2 alleles
5.6% missing data
   0   (0.965) 0.967 0.866 0.986 0.967 0.988 
   1   (0.035) 0.033 0.134 0.014 0.033 0.012 

Locus 197 : 
2 alleles
39.9% missing data
   0   (0.681) 0.676 0.805 0.666 0.681 0.694 
   1   (0.319) 0.324 0.195 0.334 0.319 0.306 

Locus 198 : 
2 alleles
14.6% missing data
   0   (0.938) 0.946 0.837 0.964 0.941 0.950 
   1   (0.062) 0.054 0.163 0.036 0.059 0.050 

Locus 199 : 
2 alleles
27.5% missing data
   0   (0.926) 0.926 0.966 0.937 0.926 0.941 
   1   (0.074) 0.074 0.034 0.063 0.074 0.059 

Locus 200 : 
2 alleles
5.6% missing data
   0   (0.913) 0.920 0.879 0.929 0.912 0.938 
   1   (0.087) 0.080 0.121 0.071 0.088 0.062 

Locus 201 : 
2 alleles
1.7% missing data
   0   (0.774) 0.766 0.779 0.840 0.779 0.752 
   1   (0.226) 0.234 0.221 0.160 0.221 0.248 

Locus 202 : 
2 alleles
14.6% missing data
   0   (0.865) 0.865 0.844 0.908 0.874 0.850 
   1   (0.135) 0.135 0.156 0.092 0.126 0.150 

Locus 203 : 
2 alleles
16.9% missing data
   0   (0.888) 0.898 0.947 0.851 0.885 0.899 
   1   (0.112) 0.102 0.053 0.149 0.115 0.101 

Locus 204 : 
2 alleles
25.3% missing data
   0   (0.852) 0.862 0.907 0.781 0.872 0.838 
   1   (0.148) 0.138 0.093 0.219 0.128 0.162 

Locus 205 : 
2 alleles
29.2% missing data
   0   (0.896) 0.899 0.970 0.890 0.893 0.891 
   1   (0.104) 0.101 0.030 0.110 0.107 0.109 

Locus 206 : 
2 alleles
50.6% missing data
   0   (0.911) 0.919 0.934 0.875 0.913 0.939 
   1   (0.089) 0.081 0.066 0.125 0.087 0.061 

Locus 207 : 
2 alleles
6.7% missing data
   0   (0.763) 0.766 0.937 0.684 0.741 0.792 
   1   (0.237) 0.234 0.063 0.316 0.259 0.208 

Locus 208 : 
2 alleles
6.7% missing data
   0   (0.880) 0.878 0.824 0.916 0.890 0.895 
   1   (0.120) 0.122 0.176 0.084 0.110 0.105 

Locus 209 : 
2 alleles
30.9% missing data
   0   (0.459) 0.461 0.480 0.435 0.446 0.483 
   1   (0.541) 0.539 0.520 0.565 0.554 0.517 

Locus 210 : 
2 alleles
33.7% missing data
   0   (0.957) 0.948 0.994 0.973 0.940 0.979 
   1   (0.043) 0.052 0.006 0.027 0.060 0.021 

Locus 211 : 
2 alleles
32.6% missing data
   0   (0.842) 0.845 0.911 0.861 0.838 0.817 
   1   (0.158) 0.155 0.089 0.139 0.162 0.183 

Locus 212 : 
2 alleles
21.3% missing data
   0   (0.840) 0.840 0.959 0.791 0.843 0.827 
   1   (0.160) 0.160 0.041 0.209 0.157 0.173 

Locus 213 : 
2 alleles
13.5% missing data
   0   (0.956) 0.958 0.882 0.979 0.957 0.980 
   1   (0.044) 0.042 0.118 0.021 0.043 0.020 

Locus 214 : 
2 alleles
19.7% missing data
   0   (0.859) 0.860 0.938 0.841 0.856 0.865 
   1   (0.141) 0.140 0.062 0.159 0.144 0.135 

Locus 215 : 
2 alleles
12.4% missing data
   1   (0.840) 0.838 0.603 0.886 0.851 0.869 
   0   (0.160) 0.162 0.397 0.114 0.149 0.131 

Locus 216 : 
2 alleles
32.0% missing data
   0   (0.922) 0.914 0.688 0.951 0.933 0.959 
   1   (0.078) 0.086 0.312 0.049 0.067 0.041 

Locus 217 : 
2 alleles
50.6% missing data
   0   (0.930) 0.925 0.929 0.961 0.923 0.964 
   1   (0.070) 0.075 0.071 0.039 0.077 0.036 

Locus 218 : 
2 alleles
54.5% missing data
   0   (0.833) 0.829 0.774 0.880 0.835 0.867 
   1   (0.167) 0.171 0.226 0.120 0.165 0.133 

Locus 219 : 
2 alleles
50.0% missing data
   0   (0.397) 0.400 0.383 0.393 0.402 0.387 
   1   (0.603) 0.600 0.617 0.607 0.598 0.613 

Locus 220 : 
2 alleles
46.6% missing data
   0   (0.812) 0.814 0.763 0.766 0.812 0.884 
   1   (0.188) 0.186 0.237 0.234 0.188 0.116 

Locus 221 : 
2 alleles
27.0% missing data
   0   (0.701) 0.712 0.600 0.688 0.712 0.711 
   1   (0.299) 0.288 0.400 0.312 0.288 0.289 

Locus 222 : 
2 alleles
54.5% missing data
   0   (0.864) 0.846 0.949 0.866 0.853 0.899 
   1   (0.136) 0.154 0.051 0.134 0.147 0.101 

Locus 223 : 
2 alleles
10.1% missing data
   0   (0.891) 0.890 0.925 0.891 0.896 0.920 
   1   (0.109) 0.110 0.075 0.109 0.104 0.080 

Locus 224 : 
2 alleles
20.8% missing data
   0   (0.291) 0.312 0.150 0.282 0.302 0.282 
   1   (0.709) 0.688 0.850 0.718 0.698 0.718 

Locus 225 : 
2 alleles
8.4% missing data
   0   (0.942) 0.943 0.883 0.964 0.957 0.947 
   1   (0.058) 0.057 0.117 0.036 0.043 0.053 

Locus 226 : 
2 alleles
15.2% missing data
   0   (0.908) 0.900 0.914 0.928 0.906 0.942 
   1   (0.092) 0.100 0.086 0.072 0.094 0.058 

Locus 227 : 
2 alleles
39.9% missing data
   0   (0.459) 0.461 0.478 0.409 0.468 0.467 
   1   (0.541) 0.539 0.522 0.591 0.532 0.533 

Locus 228 : 
2 alleles
14.0% missing data
   0   (0.806) 0.792 0.946 0.828 0.772 0.835 
   1   (0.194) 0.208 0.054 0.172 0.228 0.165 

Locus 229 : 
2 alleles
20.2% missing data
   0   (0.934) 0.943 0.729 0.963 0.946 0.937 
   1   (0.066) 0.057 0.271 0.037 0.054 0.063 

Locus 230 : 
2 alleles
75.8% missing data
   0   (0.791) 0.791 0.871 0.762 0.790 0.803 
   1   (0.209) 0.209 0.129 0.238 0.210 0.197 

Locus 231 : 
2 alleles
16.9% missing data
   1   (0.542) 0.529 0.577 0.530 0.536 0.598 
   0   (0.458) 0.471 0.423 0.470 0.464 0.402 

Locus 232 : 
2 alleles
18.0% missing data
   0   (0.282) 0.287 0.273 0.278 0.270 0.276 
   1   (0.718) 0.713 0.727 0.722 0.730 0.724 

Locus 233 : 
2 alleles
59.0% missing data
   0   (0.742) 0.730 0.921 0.722 0.734 0.719 
   1   (0.258) 0.270 0.079 0.278 0.266 0.281 

Locus 234 : 
2 alleles
23.6% missing data
   0   (0.532) 0.530 0.511 0.554 0.514 0.559 
   1   (0.468) 0.470 0.489 0.446 0.486 0.441 

Locus 235 : 
2 alleles
14.0% missing data
   0   (0.920) 0.912 0.974 0.964 0.902 0.934 
   1   (0.080) 0.088 0.026 0.036 0.098 0.066 

Locus 236 : 
2 alleles
22.5% missing data
   0   (0.207) 0.209 0.121 0.205 0.217 0.181 
   1   (0.793) 0.791 0.879 0.795 0.783 0.819 

Locus 237 : 
2 alleles
35.4% missing data
   0   (0.908) 0.915 0.970 0.867 0.922 0.890 
   1   (0.092) 0.085 0.030 0.133 0.078 0.110 

Locus 238 : 
2 alleles
20.8% missing data
   1   (0.764) 0.761 0.653 0.782 0.761 0.824 
   0   (0.236) 0.239 0.347 0.218 0.239 0.176 

Locus 239 : 
2 alleles
37.6% missing data
   0   (0.826) 0.824 0.955 0.805 0.798 0.854 
   1   (0.174) 0.176 0.045 0.195 0.202 0.146 

Locus 240 : 
2 alleles
47.8% missing data
   1   (0.177) 0.178 0.231 0.127 0.164 0.202 
   0   (0.823) 0.822 0.769 0.873 0.836 0.798 

Locus 241 : 
2 alleles
37.1% missing data
   0   (0.960) 0.965 0.922 0.969 0.969 0.976 
   1   (0.040) 0.035 0.078 0.031 0.031 0.024 

Locus 242 : 
2 alleles
2.2% missing data
   0   (0.865) 0.864 0.851 0.907 0.868 0.866 
   1   (0.135) 0.136 0.149 0.093 0.132 0.134 

Locus 243 : 
2 alleles
39.9% missing data
   0   (0.675) 0.683 0.586 0.681 0.676 0.689 
   1   (0.325) 0.317 0.414 0.319 0.324 0.311 

Locus 244 : 
2 alleles
32.6% missing data
   0   (0.928) 0.928 0.985 0.901 0.915 0.963 
   1   (0.072) 0.072 0.015 0.099 0.085 0.037 

Locus 245 : 
2 alleles
27.5% missing data
   0   (0.965) 0.969 0.933 0.982 0.971 0.978 
   1   (0.035) 0.031 0.067 0.018 0.029 0.022 

Locus 246 : 
2 alleles
62.9% missing data
   0   (0.955) 0.955 0.957 0.971 0.958 0.969 
   1   (0.045) 0.045 0.043 0.029 0.042 0.031 

Locus 247 : 
2 alleles
55.1% missing data
   0   (0.866) 0.864 0.910 0.891 0.862 0.876 
   1   (0.134) 0.136 0.090 0.109 0.138 0.124 

Locus 248 : 
2 alleles
13.5% missing data
   0   (0.925) 0.928 0.960 0.959 0.920 0.907 
   1   (0.075) 0.072 0.040 0.041 0.080 0.093 

Locus 249 : 
2 alleles
39.3% missing data
   0   (0.918) 0.918 0.979 0.928 0.910 0.930 
   1   (0.082) 0.082 0.021 0.072 0.090 0.070 

Locus 250 : 
2 alleles
19.1% missing data
   0   (0.780) 0.785 0.765 0.799 0.795 0.767 
   1   (0.220) 0.215 0.235 0.201 0.205 0.233 

Locus 251 : 
2 alleles
56.2% missing data
   0   (0.960) 0.965 0.772 0.975 0.967 0.978 
   1   (0.040) 0.035 0.228 0.025 0.033 0.022 

Locus 252 : 
2 alleles
57.9% missing data
   0   (0.810) 0.810 0.898 0.807 0.806 0.819 
   1   (0.190) 0.190 0.102 0.193 0.194 0.181 

Locus 253 : 
2 alleles
44.4% missing data
   0   (0.874) 0.878 0.792 0.844 0.885 0.927 
   1   (0.126) 0.122 0.208 0.156 0.115 0.073 

Locus 254 : 
2 alleles
8.4% missing data
   0   (0.799) 0.806 0.808 0.826 0.795 0.815 
   1   (0.201) 0.194 0.192 0.174 0.205 0.185 

Locus 255 : 
2 alleles
19.1% missing data
   0   (0.344) 0.342 0.379 0.353 0.351 0.265 
   1   (0.656) 0.658 0.621 0.647 0.649 0.735 

Locus 256 : 
2 alleles
2.2% missing data
   1   (0.896) 0.903 0.845 0.944 0.908 0.843 
   0   (0.104) 0.097 0.155 0.056 0.092 0.157 

Locus 257 : 
2 alleles
34.3% missing data
   0   (0.903) 0.911 0.895 0.912 0.914 0.905 
   1   (0.097) 0.089 0.105 0.088 0.086 0.095 

Locus 258 : 
2 alleles
33.1% missing data
   0   (0.949) 0.955 0.914 0.961 0.958 0.959 
   1   (0.051) 0.045 0.086 0.039 0.042 0.041 

Locus 259 : 
2 alleles
5.6% missing data
   0   (0.949) 0.948 0.973 0.976 0.940 0.973 
   1   (0.051) 0.052 0.027 0.024 0.060 0.027 

Locus 260 : 
2 alleles
46.1% missing data
   0   (0.751) 0.753 0.755 0.779 0.755 0.742 
   1   (0.249) 0.247 0.245 0.221 0.245 0.258 

Locus 261 : 
2 alleles
60.7% missing data
   0   (0.942) 0.943 0.946 0.955 0.944 0.959 
   1   (0.058) 0.057 0.054 0.045 0.056 0.041 

Locus 262 : 
2 alleles
51.1% missing data
   0   (0.786) 0.775 0.886 0.829 0.765 0.794 
   1   (0.214) 0.225 0.114 0.171 0.235 0.206 

Locus 263 : 
2 alleles
18.5% missing data
   0   (0.561) 0.577 0.541 0.549 0.576 0.525 
   1   (0.439) 0.423 0.459 0.451 0.424 0.475 

Locus 264 : 
2 alleles
53.9% missing data
   0   (0.296) 0.309 0.286 0.255 0.290 0.285 
   1   (0.704) 0.691 0.714 0.745 0.710 0.715 

Locus 265 : 
2 alleles
21.3% missing data
   0   (0.887) 0.896 0.908 0.880 0.894 0.876 
   1   (0.113) 0.104 0.092 0.120 0.106 0.124 

Locus 266 : 
2 alleles
19.7% missing data
   0   (0.907) 0.922 0.786 0.879 0.917 0.940 
   1   (0.093) 0.078 0.214 0.121 0.083 0.060 

Locus 267 : 
2 alleles
6.2% missing data
   1   (0.723) 0.716 0.685 0.791 0.720 0.705 
   0   (0.277) 0.284 0.315 0.209 0.280 0.295 

Locus 268 : 
2 alleles
9.6% missing data
   0   (0.537) 0.530 0.646 0.499 0.533 0.567 
   1   (0.463) 0.470 0.354 0.501 0.467 0.433 

Locus 269 : 
2 alleles
49.4% missing data
   0   (0.549) 0.557 0.459 0.559 0.560 0.538 
   1   (0.451) 0.443 0.541 0.441 0.440 0.462 

Locus 270 : 
2 alleles
10.1% missing data
   0   (0.559) 0.566 0.534 0.578 0.588 0.467 
   1   (0.441) 0.434 0.466 0.422 0.412 0.533 

Locus 271 : 
2 alleles
16.3% missing data
   0   (0.903) 0.893 0.902 0.936 0.899 0.946 
   1   (0.097) 0.107 0.098 0.064 0.101 0.054 

Locus 272 : 
2 alleles
24.2% missing data
   0   (0.907) 0.914 0.957 0.871 0.906 0.928 
   1   (0.093) 0.086 0.043 0.129 0.094 0.072 

Locus 273 : 
2 alleles
59.6% missing data
   0   (0.800) 0.796 0.930 0.795 0.793 0.787 
   1   (0.200) 0.204 0.070 0.205 0.207 0.213 

Locus 274 : 
2 alleles
16.9% missing data
   0   (0.946) 0.941 0.979 0.970 0.939 0.974 
   1   (0.054) 0.059 0.021 0.030 0.061 0.026 

Locus 275 : 
2 alleles
62.4% missing data
   0   (0.876) 0.875 0.954 0.860 0.880 0.871 
   1   (0.124) 0.125 0.046 0.140 0.120 0.129 

Locus 276 : 
2 alleles
10.7% missing data
   0   (0.941) 0.943 0.908 0.966 0.951 0.939 
   1   (0.059) 0.057 0.092 0.034 0.049 0.061 

Locus 277 : 
2 alleles
9.6% missing data
   0   (0.955) 0.964 0.891 0.973 0.968 0.917 
   1   (0.045) 0.036 0.109 0.027 0.032 0.083 

Locus 278 : 
2 alleles
46.6% missing data
   0   (0.243) 0.244 0.348 0.233 0.235 0.196 
   1   (0.757) 0.756 0.652 0.767 0.765 0.804 

Locus 279 : 
2 alleles
37.1% missing data
   0   (0.773) 0.772 0.911 0.762 0.760 0.755 
   1   (0.227) 0.228 0.089 0.238 0.240 0.245 

Locus 280 : 
2 alleles
9.6% missing data
   0   (0.874) 0.867 0.870 0.908 0.872 0.895 
   1   (0.126) 0.133 0.130 0.092 0.128 0.105 

Locus 281 : 
2 alleles
6.7% missing data
   0   (0.774) 0.780 0.770 0.795 0.789 0.717 
   1   (0.226) 0.220 0.230 0.205 0.211 0.283 

Locus 282 : 
2 alleles
19.1% missing data
   0   (0.661) 0.644 0.780 0.697 0.646 0.685 
   1   (0.339) 0.356 0.220 0.303 0.354 0.315 

Locus 283 : 
2 alleles
9.0% missing data
   0   (0.902) 0.894 0.952 0.925 0.903 0.901 
   1   (0.098) 0.106 0.048 0.075 0.097 0.099 

Locus 284 : 
2 alleles
7.9% missing data
   0   (0.856) 0.850 0.892 0.875 0.854 0.904 
   1   (0.144) 0.150 0.108 0.125 0.146 0.096 

Locus 285 : 
2 alleles
5.6% missing data
   0   (0.803) 0.811 0.775 0.816 0.793 0.839 
   1   (0.197) 0.189 0.225 0.184 0.207 0.161 

Locus 286 : 
2 alleles
29.2% missing data
   0   (0.932) 0.938 0.917 0.935 0.937 0.961 
   1   (0.068) 0.062 0.083 0.065 0.063 0.039 

Locus 287 : 
2 alleles
9.0% missing data
   0   (0.912) 0.915 0.908 0.939 0.926 0.890 
   1   (0.088) 0.085 0.092 0.061 0.074 0.110 

Locus 288 : 
2 alleles
8.4% missing data
   1   (0.873) 0.878 0.817 0.886 0.880 0.895 
   0   (0.127) 0.122 0.183 0.114 0.120 0.105 

Locus 289 : 
2 alleles
24.7% missing data
   0   (0.722) 0.734 0.832 0.686 0.722 0.677 
   1   (0.278) 0.266 0.168 0.314 0.278 0.323 

Locus 290 : 
2 alleles
32.0% missing data
   0   (0.421) 0.419 0.389 0.471 0.399 0.415 
   1   (0.579) 0.581 0.611 0.529 0.601 0.585 

Locus 291 : 
2 alleles
47.2% missing data
   0   (0.775) 0.774 0.844 0.775 0.767 0.798 
   1   (0.225) 0.226 0.156 0.225 0.233 0.202 

Locus 292 : 
2 alleles
21.3% missing data
   0   (0.966) 0.968 0.934 0.982 0.973 0.981 
   1   (0.034) 0.032 0.066 0.018 0.027 0.019 

Locus 293 : 
2 alleles
33.7% missing data
   0   (0.858) 0.844 0.968 0.845 0.848 0.883 
   1   (0.142) 0.156 0.032 0.155 0.152 0.117 

Locus 294 : 
2 alleles
57.3% missing data
   1   (0.234) 0.205 0.691 0.314 0.203 0.171 
   0   (0.766) 0.795 0.309 0.686 0.797 0.829 

Locus 295 : 
2 alleles
20.8% missing data
   0   (0.846) 0.847 0.854 0.886 0.846 0.844 
   1   (0.154) 0.153 0.146 0.114 0.154 0.156 

Locus 296 : 
2 alleles
26.4% missing data
   0   (0.790) 0.777 0.937 0.798 0.771 0.791 
   1   (0.210) 0.223 0.063 0.202 0.229 0.209 

Locus 297 : 
2 alleles
9.6% missing data
   0   (0.938) 0.945 0.946 0.956 0.940 0.942 
   1   (0.062) 0.055 0.054 0.044 0.060 0.058 

Locus 298 : 
2 alleles
34.8% missing data
   0   (0.878) 0.892 0.756 0.901 0.886 0.880 
   1   (0.122) 0.108 0.244 0.099 0.114 0.120 

Locus 299 : 
2 alleles
7.3% missing data
   1   (0.909) 0.919 0.819 0.935 0.919 0.906 
   0   (0.091) 0.081 0.181 0.065 0.081 0.094 

Locus 300 : 
2 alleles
28.7% missing data
   0   (0.759) 0.793 0.709 0.720 0.806 0.566 
   1   (0.241) 0.207 0.291 0.280 0.194 0.434 

Values of parameters used in structure:
DATAFILE=/Users/Amy 1/Desktop/Population_Genetics/Lab/R/Lab_8/Lab8_2/project_data,	OUTFILE=/Users/Amy 1/Desktop/Population_Genetics/Lab/R/Lab_8/Lab8_2/Set_One/Results/Set_One_run_13,	NUMINDS=178,	NUMLOCI=300,	MISSING=-9,	LABEL=1,	POPDATA=1,	POPFLAG=0,	PHENOTYPE=0,	EXTRACOLS=0,	MAXPOPS=5,	BURNIN=5000,	NUMREPS=10000,	USEPOPINFO=0,	INFERALPHA=1,	INFERLAMBDA=0,	POPSPECIFICLAMBDA=0,	POPALPHAS=0,	COMPUTEPROB=1,	NOADMIX=0,	ADMBURNIN=2500,	UPDATEFREQ=1,	PRINTLIKES=0,	INTERMEDSAVE=0,	PRINTKLD=0,	PRINTNET=0,	PRINTLAMBDA=0,	ANCESTDIST=0,	NUMBOXES=1000,	ANCESTPINT=0.90000,	GENSBACK=2,	MIGRPRIOR=0.05000,	PRINTQHAT=0,	PRINTQSUM=0,	ALPHA=1.0000,	FREQSCORR=1,	FPRIORMEAN=0.0100,	FPRIORSD=0.0500,	ONEFST=0,	LAMBDA=1.0000,	UNIFPRIORALPHA=1,	ALPHAMAX=10.0000,	ALPHAPRIORA=1.0000,	ALPHAPRIORB=2.0000,	ALPHAPROPSD=0.0250,	STARTATPOPINFO=0,	RANDOMIZE=1,	LINKAGE=0,	METROFREQ=10,	REPORTHITRATE=0,	MARKOVPHASE=-1,	PHASED=0,	PLOIDY=2,	PHASEINFO=0	LOCPRIOR=0, 	LOCPRIORINIT=1.000000, 	LOCDATA=0, 	LOCISPOP=0, 	LOCPRIORSTEP=0.100000, 	MAXLOCPRIOR=20.000000, 	SEED=1571414374,	
[STRAT parameters]:    NUMSIMSTATS=1000,	PHENOTYPECOL=-9,	POOLFREQ=10,	LOCUSxONLY=0,	EMERROR=0.00100,	MISSINGPHENO=-9,	