

----------------------------------------------------
STRUCTURE by Pritchard, Stephens and Donnelly (2000)
     and Falush, Stephens and Pritchard (2003)
       Code by Pritchard, Falush and Hubisz
             Version 2.3.4 (Jul 2012)
----------------------------------------------------



Command line arguments:   bin/structure -m "/Users/Amy 1/Desktop/Population_Genetics/Lab/R/Lab_8/Lab8_2/Set_One/mainparams" -e "/Users/Amy 1/Desktop/Population_Genetics/Lab/R/Lab_8/Lab8_2/Set_One/extraparams" 
Input File:    /Users/Amy 1/Desktop/Population_Genetics/Lab/R/Lab_8/Lab8_2/project_data

Run parameters:
   178 individuals
   300 loci
   5 populations assumed
   5000 Burn-in period
   10000 Reps


--------------------------------------------
Proportion of membership of each pre-defined
 population in each of the 5 clusters

Given    Inferred Clusters                     Number of
 Pop       1      2      3      4      5      Individuals

  1:     0.277  0.019  0.306  0.187  0.212       12
  2:     0.312  0.014  0.322  0.149  0.203       15
  3:     0.150  0.025  0.289  0.269  0.267       37
  4:     0.237  0.044  0.191  0.266  0.262       17
  5:     0.308  0.015  0.149  0.242  0.285        4
  6:     0.294  0.054  0.188  0.234  0.230       36
  7:     0.144  0.453  0.124  0.153  0.126       21
  8:     0.015  0.920  0.023  0.022  0.020       14
  9:     0.015  0.942  0.014  0.015  0.015       22
--------------------------------------------

Allele-freq. divergence among pops (Net nucleotide distance),
computed using point estimates of P.

      1       2       3       4       5      
 1      -    0.0111  0.0023  0.0010  0.0012  
 2   0.0111     -    0.0116  0.0093  0.0100  
 3   0.0023  0.0116     -    0.0009  0.0010  
 4   0.0010  0.0093  0.0009     -    0.0001  
 5   0.0012  0.0100  0.0010  0.0001     -    

Average distances (expected heterozygosity) between individuals in same cluster:
cluster  1  : 0.2509 
cluster  2  : 0.2564 
cluster  3  : 0.2529 
cluster  4  : 0.2643 
cluster  5  : 0.2617 

--------------------------------------------
Estimated Ln Prob of Data   = -32855.7
Mean value of ln likelihood = -31880.8
Variance of ln likelihood   = 1949.8
Mean value of alpha         = 0.0595

Mean value of Fst_1         = 0.0320
Mean value of Fst_2         = 0.0759
Mean value of Fst_3         = 0.0325
Mean value of Fst_4         = 0.0043
Mean value of Fst_5         = 0.0120


Inferred ancestry of individuals:
        Label (%Miss) Pop:  Inferred clusters
  1     1084    (6)    9 :  0.013 0.949 0.010 0.010 0.018 
  2     1085   (10)    9 :  0.032 0.863 0.054 0.017 0.034 
  3     1086    (3)    9 :  0.011 0.939 0.016 0.019 0.015 
  4     1087   (12)    9 :  0.012 0.964 0.009 0.009 0.006 
  5     1088    (5)    9 :  0.016 0.938 0.016 0.016 0.013 
  6     1089    (6)    9 :  0.028 0.916 0.012 0.016 0.029 
  7     1090    (5)    9 :  0.014 0.888 0.018 0.041 0.038 
  8     1091   (14)    9 :  0.030 0.935 0.013 0.011 0.012 
  9     1092   (22)    9 :  0.016 0.907 0.019 0.038 0.021 
 10     1093    (3)    9 :  0.012 0.934 0.022 0.018 0.013 
 11     1094   (14)    9 :  0.015 0.941 0.017 0.016 0.011 
 12     1095    (6)    9 :  0.004 0.981 0.005 0.005 0.005 
 13     1096    (8)    9 :  0.036 0.928 0.013 0.012 0.012 
 14     1097    (3)    9 :  0.011 0.967 0.009 0.007 0.007 
 15     1098    (2)    9 :  0.017 0.943 0.009 0.020 0.011 
 16     1099    (1)    9 :  0.006 0.977 0.004 0.004 0.010 
 17     1100    (5)    9 :  0.006 0.982 0.004 0.005 0.003 
 18     1101    (7)    9 :  0.014 0.922 0.014 0.020 0.030 
 19     1102    (8)    9 :  0.017 0.931 0.022 0.015 0.015 
 20     1103    (6)    9 :  0.004 0.971 0.009 0.007 0.008 
 21     1104    (9)    9 :  0.006 0.981 0.005 0.003 0.005 
 22     1105    (2)    9 :  0.008 0.963 0.010 0.009 0.011 
 23     1235    (3)    2 :  0.147 0.007 0.366 0.107 0.373 
 24     1236    (5)    2 :  0.075 0.018 0.828 0.046 0.033 
 25     1237    (8)    2 :  0.132 0.004 0.457 0.083 0.324 
 26     1238    (7)    2 :  0.014 0.007 0.895 0.071 0.012 
 27     1239    (5)    2 :  0.777 0.014 0.022 0.117 0.070 
 28     1240   (15)    2 :  0.088 0.007 0.554 0.157 0.193 
 29     1241   (16)    2 :  0.314 0.033 0.337 0.130 0.186 
 30     1242    (5)    2 :  0.021 0.050 0.129 0.373 0.428 
 31     1243    (8)    2 :  0.561 0.009 0.154 0.129 0.147 
 32     1244   (12)    2 :  0.554 0.003 0.144 0.103 0.195 
 33     1245   (20)    2 :  0.732 0.009 0.037 0.127 0.096 
 34     1246   (20)    2 :  0.176 0.016 0.051 0.261 0.496 
 35     1247   (11)    2 :  0.108 0.015 0.017 0.441 0.419 
 36     1248   (12)    2 :  0.895 0.006 0.018 0.046 0.034 
 37     1249    (9)    2 :  0.085 0.017 0.820 0.036 0.042 
 38     1253   (20)    8 :  0.009 0.964 0.011 0.011 0.006 
 39     1254   (12)    8 :  0.014 0.929 0.012 0.019 0.025 
 40     1255   (14)    8 :  0.003 0.979 0.004 0.006 0.008 
 41     1256   (24)    8 :  0.010 0.953 0.014 0.010 0.012 
 42     1257    (6)    8 :  0.010 0.933 0.012 0.014 0.030 
 43     1258   (23)    8 :  0.006 0.963 0.013 0.011 0.007 
 44     1259   (10)    8 :  0.009 0.971 0.005 0.007 0.009 
 45     1260   (36)    8 :  0.048 0.877 0.021 0.022 0.032 
 46     1261   (49)    8 :  0.026 0.795 0.049 0.074 0.055 
 47     1262   (29)    8 :  0.016 0.918 0.028 0.011 0.028 
 48     1263   (12)    8 :  0.010 0.961 0.005 0.011 0.013 
 49     1264   (48)    8 :  0.009 0.966 0.005 0.012 0.009 
 50     1265   (13)    8 :  0.011 0.969 0.005 0.010 0.004 
 51     1266   (26)    8 :  0.034 0.707 0.132 0.088 0.038 
 52     1637   (25)    1 :  0.048 0.014 0.517 0.116 0.305 
 53     1638   (19)    1 :  0.576 0.083 0.190 0.076 0.075 
 54     1639   (21)    1 :  0.027 0.008 0.649 0.192 0.124 
 55     1640   (21)    1 :  0.527 0.013 0.195 0.121 0.145 
 56     1641   (82)    1 :  0.735 0.020 0.026 0.116 0.103 
 57     1642   (55)    1 :  0.702 0.009 0.169 0.054 0.065 
 58     1643   (41)    1 :  0.080 0.014 0.310 0.334 0.261 
 59     1644   (53)    1 :  0.070 0.007 0.602 0.185 0.136 
 60     1645   (47)    1 :  0.214 0.009 0.054 0.329 0.394 
 61     1646   (49)    1 :  0.129 0.013 0.094 0.318 0.447 
 62     1647   (51)    1 :  0.165 0.013 0.525 0.132 0.166 
 63     1648   (55)    1 :  0.047 0.024 0.339 0.270 0.320 
 64     1649   (28)    3 :  0.211 0.007 0.264 0.231 0.287 
 65     1650   (26)    3 :  0.034 0.009 0.692 0.118 0.147 
 66     1651   (19)    3 :  0.076 0.010 0.107 0.381 0.426 
 67     1652   (17)    3 :  0.046 0.006 0.021 0.409 0.519 
 68     1653   (17)    3 :  0.030 0.013 0.756 0.130 0.071 
 69     1654   (33)    3 :  0.323 0.011 0.179 0.301 0.186 
 70     1655   (33)    3 :  0.578 0.019 0.017 0.166 0.220 
 71     1656   (20)    3 :  0.095 0.009 0.139 0.255 0.503 
 72     1657   (38)    3 :  0.323 0.007 0.336 0.171 0.163 
 73     1658   (22)    3 :  0.032 0.016 0.131 0.362 0.460 
 74     1659   (16)    3 :  0.230 0.007 0.042 0.408 0.313 
 75     1660   (24)    3 :  0.805 0.005 0.035 0.109 0.047 
 76     1661   (26)    3 :  0.058 0.024 0.256 0.325 0.336 
 77     1662   (36)    3 :  0.041 0.235 0.054 0.490 0.179 
 78     1663   (30)    3 :  0.184 0.007 0.378 0.240 0.191 
 79     1664   (19)    3 :  0.042 0.010 0.478 0.218 0.252 
 80     1665   (43)    3 :  0.354 0.017 0.159 0.293 0.177 
 81     1666   (33)    3 :  0.128 0.022 0.273 0.268 0.309 
 82     1667   (30)    3 :  0.035 0.037 0.181 0.339 0.408 
 83     1668   (15)    3 :  0.056 0.007 0.387 0.290 0.260 
 84     1669   (37)    3 :  0.059 0.048 0.240 0.302 0.351 
 85     1670   (61)    3 :  0.094 0.028 0.135 0.389 0.354 
 86     1671   (42)    3 :  0.151 0.020 0.055 0.388 0.386 
 87     1672   (29)    3 :  0.012 0.010 0.860 0.091 0.027 
 88     1673   (59)    3 :  0.092 0.052 0.387 0.310 0.159 
 89     1674   (20)    3 :  0.028 0.012 0.618 0.188 0.152 
 90     1675   (49)    3 :  0.148 0.060 0.098 0.291 0.404 
 91     1676   (20)    3 :  0.019 0.008 0.580 0.199 0.194 
 92     1677   (24)    3 :  0.137 0.007 0.068 0.332 0.456 
 93     1678   (32)    3 :  0.244 0.005 0.507 0.109 0.134 
 94     1679   (36)    3 :  0.090 0.090 0.095 0.376 0.349 
 95     1680   (17)    3 :  0.070 0.051 0.338 0.276 0.264 
 96     1681   (29)    3 :  0.115 0.013 0.528 0.166 0.178 
 97     1682   (39)    3 :  0.064 0.018 0.756 0.099 0.063 
 98     1683   (39)    3 :  0.137 0.009 0.090 0.421 0.344 
 99     1684   (31)    3 :  0.057 0.007 0.224 0.294 0.418 
100     1685   (16)    3 :  0.352 0.023 0.245 0.203 0.176 
101     1686   (17)    6 :  0.020 0.018 0.605 0.222 0.135 
102     1687   (38)    6 :  0.044 0.019 0.059 0.468 0.411 
103     1688   (16)    6 :  0.720 0.008 0.143 0.049 0.079 
104     1689   (22)    6 :  0.791 0.034 0.027 0.079 0.068 
105     1690   (11)    6 :  0.741 0.004 0.169 0.034 0.053 
106     1691   (24)    6 :  0.426 0.022 0.198 0.246 0.109 
107     1692   (23)    6 :  0.036 0.058 0.042 0.453 0.410 
108     1693   (21)    6 :  0.020 0.013 0.348 0.190 0.430 
109     1694   (40)    6 :  0.166 0.013 0.109 0.386 0.326 
110     1695   (13)    6 :  0.032 0.015 0.107 0.266 0.579 
111     1696   (15)    6 :  0.297 0.063 0.121 0.245 0.274 
112     1697   (19)    6 :  0.046 0.015 0.582 0.228 0.129 
113     1698   (13)    6 :  0.136 0.047 0.030 0.494 0.293 
114     1699   (23)    6 :  0.490 0.081 0.074 0.232 0.124 
115     1700   (13)    6 :  0.183 0.004 0.569 0.133 0.112 
116     1701   (15)    6 :  0.031 0.441 0.186 0.187 0.156 
117     1702   (37)    6 :  0.612 0.031 0.030 0.157 0.171 
118     1703   (16)    6 :  0.792 0.029 0.031 0.078 0.071 
119     1704   (24)    6 :  0.712 0.009 0.062 0.135 0.083 
120     1705   (13)    6 :  0.293 0.006 0.062 0.344 0.296 
121     1706   (19)    6 :  0.070 0.009 0.387 0.220 0.315 
122     1707   (41)    6 :  0.070 0.021 0.323 0.259 0.327 
123     1708   (19)    6 :  0.077 0.031 0.649 0.161 0.082 
124     1709   (52)    6 :  0.065 0.487 0.014 0.207 0.227 
125     1710   (32)    6 :  0.375 0.016 0.160 0.259 0.190 
126     1711   (39)    6 :  0.083 0.014 0.594 0.216 0.092 
127     1712   (26)    6 :  0.448 0.036 0.022 0.303 0.190 
128     1713   (32)    6 :  0.195 0.034 0.144 0.348 0.278 
129     1714   (30)    6 :  0.045 0.016 0.109 0.370 0.460 
130     1715   (19)    6 :  0.830 0.020 0.015 0.076 0.058 
131     1716   (27)    6 :  0.283 0.020 0.142 0.322 0.232 
132     1717   (26)    6 :  0.081 0.009 0.230 0.239 0.441 
133     1718   (42)    6 :  0.142 0.011 0.197 0.280 0.370 
134     1719   (23)    6 :  0.397 0.006 0.043 0.137 0.417 
135     1720   (29)    6 :  0.414 0.021 0.115 0.240 0.209 
136     1721   (24)    6 :  0.422 0.251 0.075 0.153 0.099 
137     1722   (13)    5 :  0.095 0.005 0.311 0.210 0.378 
138     1723   (20)    5 :  0.479 0.014 0.056 0.282 0.169 
139     1724   (19)    5 :  0.579 0.020 0.104 0.114 0.184 
140     1725   (25)    5 :  0.080 0.022 0.126 0.362 0.410 
141     1726   (20)    4 :  0.059 0.046 0.601 0.176 0.119 
142     1727   (30)    4 :  0.898 0.005 0.022 0.036 0.039 
143     1728   (52)    4 :  0.081 0.107 0.080 0.280 0.452 
144     1729   (30)    4 :  0.228 0.135 0.245 0.274 0.117 
145     1730   (30)    4 :  0.091 0.006 0.685 0.117 0.100 
146     1731   (58)    4 :  0.070 0.142 0.107 0.402 0.280 
147     1732   (56)    4 :  0.119 0.021 0.155 0.387 0.318 
148     1733   (22)    4 :  0.678 0.033 0.110 0.112 0.067 
149     1734   (39)    4 :  0.099 0.011 0.044 0.406 0.440 
150     1735   (49)    4 :  0.512 0.010 0.081 0.271 0.126 
151     1736   (26)    4 :  0.248 0.011 0.200 0.241 0.300 
152     1737   (14)    4 :  0.478 0.029 0.074 0.237 0.183 
153     1738   (20)    4 :  0.085 0.094 0.216 0.286 0.319 
154     1739   (16)    4 :  0.047 0.005 0.108 0.258 0.582 
155     1740   (30)    4 :  0.028 0.018 0.082 0.463 0.410 
156     1741   (49)    4 :  0.237 0.038 0.131 0.381 0.214 
157     1742   (39)    4 :  0.063 0.031 0.314 0.195 0.397 
158     1743   (27)    7 :  0.038 0.821 0.039 0.068 0.034 
159     1744   (53)    7 :  0.076 0.591 0.105 0.127 0.100 
160     1746   (59)    7 :  0.030 0.859 0.023 0.050 0.038 
161     1747   (31)    7 :  0.195 0.079 0.102 0.344 0.279 
162     1748   (34)    7 :  0.420 0.115 0.146 0.156 0.163 
163     1749   (14)    7 :  0.196 0.414 0.092 0.130 0.169 
164     1750   (30)    7 :  0.067 0.081 0.124 0.369 0.360 
165     1751   (19)    7 :  0.035 0.506 0.229 0.139 0.091 
166     1752   (43)    7 :  0.077 0.742 0.047 0.076 0.058 
167     1753   (25)    7 :  0.013 0.108 0.764 0.076 0.039 
168     1754   (53)    7 :  0.105 0.125 0.092 0.415 0.263 
169     1755   (15)    7 :  0.081 0.753 0.018 0.047 0.101 
170     1756   (11)    7 :  0.311 0.343 0.036 0.180 0.130 
171     1757   (60)    7 :  0.109 0.351 0.084 0.280 0.176 
172     1758   (60)    7 :  0.035 0.718 0.060 0.123 0.065 
173     1759   (36)    7 :  0.018 0.897 0.017 0.022 0.045 
174     1760   (24)    7 :  0.426 0.238 0.071 0.184 0.081 
175     1761   (10)    7 :  0.576 0.034 0.273 0.068 0.050 
176     1762   (18)    7 :  0.025 0.619 0.172 0.070 0.113 
177     1763   (45)    7 :  0.065 0.729 0.054 0.097 0.055 
178     1764   (16)    7 :  0.126 0.396 0.047 0.186 0.245 


Estimated Allele Frequencies in each cluster
First column gives estimated ancestral frequencies


Locus 1 : 
2 alleles
29.8% missing data
   0   (0.700) 0.711 0.658 0.693 0.698 0.712 
   1   (0.300) 0.289 0.342 0.307 0.302 0.288 

Locus 2 : 
2 alleles
21.3% missing data
   0   (0.810) 0.800 0.653 0.846 0.811 0.829 
   1   (0.190) 0.200 0.347 0.154 0.189 0.171 

Locus 3 : 
2 alleles
12.4% missing data
   0   (0.331) 0.313 0.361 0.353 0.330 0.323 
   1   (0.669) 0.687 0.639 0.647 0.670 0.677 

Locus 4 : 
2 alleles
48.9% missing data
   0   (0.858) 0.879 0.854 0.855 0.860 0.864 
   1   (0.142) 0.121 0.146 0.145 0.140 0.136 

Locus 5 : 
2 alleles
60.1% missing data
   0   (0.885) 0.892 0.964 0.879 0.885 0.882 
   1   (0.115) 0.108 0.036 0.121 0.115 0.118 

Locus 6 : 
2 alleles
28.1% missing data
   0   (0.859) 0.843 0.916 0.890 0.860 0.854 
   1   (0.141) 0.157 0.084 0.110 0.140 0.146 

Locus 7 : 
2 alleles
61.2% missing data
   0   (0.839) 0.862 0.832 0.788 0.843 0.854 
   1   (0.161) 0.138 0.168 0.212 0.157 0.146 

Locus 8 : 
2 alleles
62.4% missing data
   0   (0.831) 0.858 0.830 0.782 0.833 0.845 
   1   (0.169) 0.142 0.170 0.218 0.167 0.155 

Locus 9 : 
2 alleles
18.0% missing data
   0   (0.958) 0.975 0.978 0.963 0.959 0.958 
   1   (0.042) 0.025 0.022 0.037 0.041 0.042 

Locus 10 : 
2 alleles
8.4% missing data
   0   (0.256) 0.221 0.318 0.227 0.257 0.257 
   1   (0.744) 0.779 0.682 0.773 0.743 0.743 

Locus 11 : 
2 alleles
15.2% missing data
   0   (0.867) 0.862 0.854 0.865 0.872 0.870 
   1   (0.133) 0.138 0.146 0.135 0.128 0.130 

Locus 12 : 
2 alleles
18.0% missing data
   0   (0.928) 0.951 0.929 0.938 0.929 0.928 
   1   (0.072) 0.049 0.071 0.062 0.071 0.072 

Locus 13 : 
2 alleles
28.1% missing data
   1   (0.947) 0.969 0.931 0.967 0.947 0.949 
   0   (0.053) 0.031 0.069 0.033 0.053 0.051 

Locus 14 : 
2 alleles
22.5% missing data
   0   (0.840) 0.828 0.680 0.862 0.842 0.859 
   1   (0.160) 0.172 0.320 0.138 0.158 0.141 

Locus 15 : 
2 alleles
23.0% missing data
   0   (0.836) 0.826 0.679 0.858 0.839 0.855 
   1   (0.164) 0.174 0.321 0.142 0.161 0.145 

Locus 16 : 
2 alleles
20.8% missing data
   0   (0.848) 0.857 0.939 0.860 0.845 0.845 
   1   (0.152) 0.143 0.061 0.140 0.155 0.155 

Locus 17 : 
2 alleles
11.8% missing data
   1   (0.711) 0.678 0.794 0.707 0.711 0.724 
   0   (0.289) 0.322 0.206 0.293 0.289 0.276 

Locus 18 : 
2 alleles
46.1% missing data
   0   (0.912) 0.931 0.956 0.910 0.913 0.911 
   1   (0.088) 0.069 0.044 0.090 0.087 0.089 

Locus 19 : 
2 alleles
46.6% missing data
   0   (0.886) 0.878 0.913 0.914 0.885 0.890 
   1   (0.114) 0.122 0.087 0.086 0.115 0.110 

Locus 20 : 
2 alleles
2.8% missing data
   0   (0.911) 0.927 0.865 0.947 0.913 0.914 
   1   (0.089) 0.073 0.135 0.053 0.087 0.086 

Locus 21 : 
2 alleles
6.7% missing data
   1   (0.864) 0.887 0.885 0.835 0.864 0.876 
   0   (0.136) 0.113 0.115 0.165 0.136 0.124 

Locus 22 : 
2 alleles
9.0% missing data
   1   (0.899) 0.913 0.758 0.920 0.901 0.908 
   0   (0.101) 0.087 0.242 0.080 0.099 0.092 

Locus 23 : 
2 alleles
32.6% missing data
   0   (0.921) 0.932 0.959 0.904 0.922 0.928 
   1   (0.079) 0.068 0.041 0.096 0.078 0.072 

Locus 24 : 
2 alleles
50.6% missing data
   0   (0.892) 0.879 0.979 0.871 0.891 0.887 
   1   (0.108) 0.121 0.021 0.129 0.109 0.113 

Locus 25 : 
2 alleles
36.0% missing data
   0   (0.636) 0.649 0.619 0.545 0.641 0.661 
   1   (0.364) 0.351 0.381 0.455 0.359 0.339 

Locus 26 : 
2 alleles
21.9% missing data
   0   (0.961) 0.973 0.862 0.983 0.963 0.967 
   1   (0.039) 0.027 0.138 0.017 0.037 0.033 

Locus 27 : 
2 alleles
10.1% missing data
   0   (0.869) 0.782 0.876 0.909 0.872 0.881 
   1   (0.131) 0.218 0.124 0.091 0.128 0.119 

Locus 28 : 
2 alleles
39.3% missing data
   0   (0.929) 0.943 0.842 0.944 0.931 0.934 
   1   (0.071) 0.057 0.158 0.056 0.069 0.066 

Locus 29 : 
2 alleles
34.3% missing data
   1   (0.451) 0.509 0.463 0.431 0.448 0.442 
   0   (0.549) 0.491 0.537 0.569 0.552 0.558 

Locus 30 : 
2 alleles
48.3% missing data
   0   (0.866) 0.896 0.812 0.850 0.868 0.878 
   1   (0.134) 0.104 0.188 0.150 0.132 0.122 

Locus 31 : 
2 alleles
20.2% missing data
   0   (0.931) 0.950 0.806 0.959 0.934 0.928 
   1   (0.069) 0.050 0.194 0.041 0.066 0.072 

Locus 32 : 
2 alleles
1.1% missing data
   0   (0.835) 0.841 0.938 0.855 0.833 0.829 
   1   (0.165) 0.159 0.062 0.145 0.167 0.171 

Locus 33 : 
2 alleles
31.5% missing data
   0   (0.967) 0.981 0.830 0.980 0.970 0.973 
   1   (0.033) 0.019 0.170 0.020 0.030 0.027 

Locus 34 : 
2 alleles
33.1% missing data
   1   (0.850) 0.871 0.935 0.828 0.847 0.854 
   0   (0.150) 0.129 0.065 0.172 0.153 0.146 

Locus 35 : 
2 alleles
28.1% missing data
   0   (0.774) 0.783 0.849 0.780 0.772 0.764 
   1   (0.226) 0.217 0.151 0.220 0.228 0.236 

Locus 36 : 
2 alleles
21.3% missing data
   0   (0.904) 0.933 0.814 0.919 0.906 0.909 
   1   (0.096) 0.067 0.186 0.081 0.094 0.091 

Locus 37 : 
2 alleles
9.0% missing data
   0   (0.787) 0.841 0.838 0.790 0.783 0.782 
   1   (0.213) 0.159 0.162 0.210 0.217 0.218 

Locus 38 : 
2 alleles
23.6% missing data
   0   (0.944) 0.955 0.962 0.967 0.943 0.945 
   1   (0.056) 0.045 0.038 0.033 0.057 0.055 

Locus 39 : 
2 alleles
34.8% missing data
   0   (0.797) 0.838 0.878 0.738 0.799 0.790 
   1   (0.203) 0.162 0.122 0.262 0.201 0.210 

Locus 40 : 
2 alleles
20.2% missing data
   0   (0.725) 0.736 0.821 0.745 0.719 0.717 
   1   (0.275) 0.264 0.179 0.255 0.281 0.283 

Locus 41 : 
2 alleles
52.8% missing data
   0   (0.928) 0.919 0.828 0.952 0.930 0.939 
   1   (0.072) 0.081 0.172 0.048 0.070 0.061 

Locus 42 : 
2 alleles
22.5% missing data
   0   (0.894) 0.909 0.949 0.912 0.891 0.893 
   1   (0.106) 0.091 0.051 0.088 0.109 0.107 

Locus 43 : 
2 alleles
22.5% missing data
   0   (0.847) 0.866 0.786 0.851 0.850 0.852 
   1   (0.153) 0.134 0.214 0.149 0.150 0.148 

Locus 44 : 
2 alleles
18.0% missing data
   0   (0.945) 0.965 0.917 0.975 0.944 0.944 
   1   (0.055) 0.035 0.083 0.025 0.056 0.056 

Locus 45 : 
2 alleles
52.2% missing data
   0   (0.762) 0.798 0.865 0.761 0.759 0.747 
   1   (0.238) 0.202 0.135 0.239 0.241 0.253 

Locus 46 : 
2 alleles
25.3% missing data
   0   (0.947) 0.973 0.841 0.967 0.947 0.948 
   1   (0.053) 0.027 0.159 0.033 0.053 0.052 

Locus 47 : 
2 alleles
18.5% missing data
   0   (0.925) 0.935 0.856 0.927 0.928 0.937 
   1   (0.075) 0.065 0.144 0.073 0.072 0.063 

Locus 48 : 
2 alleles
57.3% missing data
   0   (0.973) 0.984 0.963 0.983 0.975 0.977 
   1   (0.027) 0.016 0.037 0.017 0.025 0.023 

Locus 49 : 
2 alleles
51.7% missing data
   0   (0.871) 0.883 0.850 0.904 0.870 0.873 
   1   (0.129) 0.117 0.150 0.096 0.130 0.127 

Locus 50 : 
2 alleles
11.2% missing data
   0   (0.710) 0.799 0.523 0.730 0.710 0.700 
   1   (0.290) 0.201 0.477 0.270 0.290 0.300 

Locus 51 : 
2 alleles
18.0% missing data
   0   (0.667) 0.640 0.538 0.686 0.672 0.679 
   1   (0.333) 0.360 0.462 0.314 0.328 0.321 

Locus 52 : 
2 alleles
33.7% missing data
   0   (0.680) 0.712 0.775 0.712 0.675 0.662 
   1   (0.320) 0.288 0.225 0.288 0.325 0.338 

Locus 53 : 
2 alleles
8.4% missing data
   0   (0.198) 0.198 0.239 0.144 0.197 0.206 
   1   (0.802) 0.802 0.761 0.856 0.803 0.794 

Locus 54 : 
2 alleles
22.5% missing data
   0   (0.926) 0.944 0.929 0.946 0.926 0.927 
   1   (0.074) 0.056 0.071 0.054 0.074 0.073 

Locus 55 : 
2 alleles
19.1% missing data
   0   (0.723) 0.749 0.840 0.697 0.721 0.716 
   1   (0.277) 0.251 0.160 0.303 0.279 0.284 

Locus 56 : 
2 alleles
10.1% missing data
   0   (0.880) 0.847 0.923 0.888 0.882 0.890 
   1   (0.120) 0.153 0.077 0.112 0.118 0.110 

Locus 57 : 
2 alleles
13.5% missing data
   0   (0.526) 0.534 0.502 0.536 0.526 0.523 
   1   (0.474) 0.466 0.498 0.464 0.474 0.477 

Locus 58 : 
2 alleles
33.1% missing data
   0   (0.612) 0.619 0.709 0.603 0.610 0.608 
   1   (0.388) 0.381 0.291 0.397 0.390 0.392 

Locus 59 : 
2 alleles
32.6% missing data
   0   (0.280) 0.218 0.860 0.277 0.268 0.251 
   1   (0.720) 0.782 0.140 0.723 0.732 0.749 

Locus 60 : 
2 alleles
44.4% missing data
   1   (0.665) 0.604 0.776 0.687 0.665 0.667 
   0   (0.335) 0.396 0.224 0.313 0.335 0.333 

Locus 61 : 
2 alleles
16.9% missing data
   0   (0.852) 0.871 0.776 0.899 0.851 0.850 
   1   (0.148) 0.129 0.224 0.101 0.149 0.150 

Locus 62 : 
2 alleles
7.9% missing data
   0   (0.921) 0.935 0.912 0.940 0.923 0.922 
   1   (0.079) 0.065 0.088 0.060 0.077 0.078 

Locus 63 : 
2 alleles
36.5% missing data
   0   (0.931) 0.938 0.882 0.941 0.934 0.939 
   1   (0.069) 0.062 0.118 0.059 0.066 0.061 

Locus 64 : 
2 alleles
9.0% missing data
   0   (0.679) 0.733 0.849 0.641 0.672 0.671 
   1   (0.321) 0.267 0.151 0.359 0.328 0.329 

Locus 65 : 
2 alleles
38.8% missing data
   1   (0.142) 0.140 0.182 0.114 0.140 0.141 
   0   (0.858) 0.860 0.818 0.886 0.860 0.859 

Locus 66 : 
2 alleles
18.0% missing data
   0   (0.946) 0.968 0.889 0.964 0.946 0.947 
   1   (0.054) 0.032 0.111 0.036 0.054 0.053 

Locus 67 : 
2 alleles
23.0% missing data
   0   (0.845) 0.821 0.903 0.903 0.842 0.839 
   1   (0.155) 0.179 0.097 0.097 0.158 0.161 

Locus 68 : 
2 alleles
48.9% missing data
   0   (0.944) 0.956 0.945 0.961 0.945 0.946 
   1   (0.056) 0.044 0.055 0.039 0.055 0.054 

Locus 69 : 
2 alleles
23.0% missing data
   1   (0.851) 0.840 0.779 0.871 0.855 0.862 
   0   (0.149) 0.160 0.221 0.129 0.145 0.138 

Locus 70 : 
2 alleles
42.7% missing data
   0   (0.804) 0.835 0.762 0.815 0.804 0.810 
   1   (0.196) 0.165 0.238 0.185 0.196 0.190 

Locus 71 : 
2 alleles
12.4% missing data
   0   (0.958) 0.975 0.887 0.960 0.962 0.965 
   1   (0.042) 0.025 0.113 0.040 0.038 0.035 

Locus 72 : 
2 alleles
19.1% missing data
   0   (0.958) 0.976 0.959 0.960 0.959 0.967 
   1   (0.042) 0.024 0.041 0.040 0.041 0.033 

Locus 73 : 
2 alleles
8.4% missing data
   0   (0.930) 0.953 0.906 0.959 0.929 0.929 
   1   (0.070) 0.047 0.094 0.041 0.071 0.071 

Locus 74 : 
2 alleles
37.1% missing data
   0   (0.867) 0.863 0.933 0.847 0.869 0.873 
   1   (0.133) 0.137 0.067 0.153 0.131 0.127 

Locus 75 : 
2 alleles
61.8% missing data
   0   (0.915) 0.934 0.960 0.932 0.913 0.909 
   1   (0.085) 0.066 0.040 0.068 0.087 0.091 

Locus 76 : 
2 alleles
45.5% missing data
   0   (0.892) 0.899 0.953 0.857 0.893 0.898 
   1   (0.108) 0.101 0.047 0.143 0.107 0.102 

Locus 77 : 
2 alleles
56.2% missing data
   1   (0.837) 0.848 0.854 0.836 0.838 0.841 
   0   (0.163) 0.152 0.146 0.164 0.162 0.159 

Locus 78 : 
2 alleles
10.7% missing data
   1   (0.326) 0.390 0.329 0.329 0.320 0.309 
   0   (0.674) 0.610 0.671 0.671 0.680 0.691 

Locus 79 : 
2 alleles
6.7% missing data
   0   (0.929) 0.928 0.858 0.943 0.934 0.936 
   1   (0.071) 0.072 0.142 0.057 0.066 0.064 

Locus 80 : 
2 alleles
2.8% missing data
   0   (0.832) 0.816 0.821 0.811 0.837 0.849 
   1   (0.168) 0.184 0.179 0.189 0.163 0.151 

Locus 81 : 
2 alleles
42.1% missing data
   0   (0.318) 0.247 0.481 0.311 0.318 0.320 
   1   (0.682) 0.753 0.519 0.689 0.682 0.680 

Locus 82 : 
2 alleles
11.8% missing data
   0   (0.923) 0.952 0.926 0.894 0.926 0.931 
   1   (0.077) 0.048 0.074 0.106 0.074 0.069 

Locus 83 : 
2 alleles
3.4% missing data
   0   (0.507) 0.521 0.651 0.477 0.505 0.494 
   1   (0.493) 0.479 0.349 0.523 0.495 0.506 

Locus 84 : 
2 alleles
35.4% missing data
   0   (0.893) 0.928 0.891 0.919 0.891 0.888 
   1   (0.107) 0.072 0.109 0.081 0.109 0.112 

Locus 85 : 
2 alleles
51.7% missing data
   0   (0.796) 0.804 0.762 0.820 0.796 0.800 
   1   (0.204) 0.196 0.238 0.180 0.204 0.200 

Locus 86 : 
2 alleles
29.2% missing data
   0   (0.917) 0.893 0.927 0.957 0.918 0.920 
   1   (0.083) 0.107 0.073 0.043 0.082 0.080 

Locus 87 : 
2 alleles
16.3% missing data
   0   (0.890) 0.926 0.860 0.880 0.891 0.892 
   1   (0.110) 0.074 0.140 0.120 0.109 0.108 

Locus 88 : 
2 alleles
53.4% missing data
   0   (0.379) 0.344 0.881 0.268 0.374 0.358 
   1   (0.621) 0.656 0.119 0.732 0.626 0.642 

Locus 89 : 
2 alleles
26.4% missing data
   0   (0.938) 0.957 0.965 0.936 0.937 0.939 
   1   (0.062) 0.043 0.035 0.064 0.063 0.061 

Locus 90 : 
2 alleles
15.7% missing data
   0   (0.912) 0.939 0.906 0.881 0.914 0.923 
   1   (0.088) 0.061 0.094 0.119 0.086 0.077 

Locus 91 : 
2 alleles
24.2% missing data
   0   (0.894) 0.927 0.923 0.910 0.892 0.889 
   1   (0.106) 0.073 0.077 0.090 0.108 0.111 

Locus 92 : 
2 alleles
18.5% missing data
   0   (0.882) 0.900 0.868 0.899 0.881 0.888 
   1   (0.118) 0.100 0.132 0.101 0.119 0.112 

Locus 93 : 
2 alleles
36.0% missing data
   1   (0.655) 0.665 0.810 0.677 0.651 0.632 
   0   (0.345) 0.335 0.190 0.323 0.349 0.368 

Locus 94 : 
2 alleles
29.8% missing data
   0   (0.552) 0.555 0.613 0.515 0.554 0.547 
   1   (0.448) 0.445 0.387 0.485 0.446 0.453 

Locus 95 : 
2 alleles
15.7% missing data
   1   (0.805) 0.819 0.842 0.798 0.804 0.809 
   0   (0.195) 0.181 0.158 0.202 0.196 0.191 

Locus 96 : 
2 alleles
28.7% missing data
   0   (0.533) 0.569 0.461 0.486 0.533 0.543 
   1   (0.467) 0.431 0.539 0.514 0.467 0.457 

Locus 97 : 
2 alleles
50.6% missing data
   0   (0.860) 0.873 0.864 0.854 0.862 0.864 
   1   (0.140) 0.127 0.136 0.146 0.138 0.136 

Locus 98 : 
2 alleles
16.9% missing data
   0   (0.836) 0.890 0.725 0.831 0.835 0.846 
   1   (0.164) 0.110 0.275 0.169 0.165 0.154 

Locus 99 : 
2 alleles
0.0% missing data
   0   (0.900) 0.947 0.858 0.894 0.900 0.901 
   1   (0.100) 0.053 0.142 0.106 0.100 0.099 

Locus 100 : 
2 alleles
7.9% missing data
   0   (0.452) 0.444 0.664 0.430 0.447 0.441 
   1   (0.548) 0.556 0.336 0.570 0.553 0.559 

Locus 101 : 
2 alleles
13.5% missing data
   1   (0.681) 0.726 0.726 0.637 0.683 0.680 
   0   (0.319) 0.274 0.274 0.363 0.317 0.320 

Locus 102 : 
2 alleles
20.8% missing data
   1   (0.686) 0.688 0.735 0.637 0.688 0.697 
   0   (0.314) 0.312 0.265 0.363 0.312 0.303 

Locus 103 : 
2 alleles
2.2% missing data
   0   (0.945) 0.972 0.912 0.967 0.946 0.940 
   1   (0.055) 0.028 0.088 0.033 0.054 0.060 

Locus 104 : 
2 alleles
33.7% missing data
   1   (0.763) 0.727 0.739 0.776 0.766 0.775 
   0   (0.237) 0.273 0.261 0.224 0.234 0.225 

Locus 105 : 
2 alleles
37.1% missing data
   0   (0.679) 0.547 0.635 0.737 0.684 0.698 
   1   (0.321) 0.453 0.365 0.263 0.316 0.302 

Locus 106 : 
2 alleles
13.5% missing data
   0   (0.874) 0.918 0.757 0.905 0.873 0.868 
   1   (0.126) 0.082 0.243 0.095 0.127 0.132 

Locus 107 : 
2 alleles
38.8% missing data
   0   (0.800) 0.801 0.741 0.771 0.805 0.814 
   1   (0.200) 0.199 0.259 0.229 0.195 0.186 

Locus 108 : 
2 alleles
11.8% missing data
   0   (0.870) 0.908 0.935 0.892 0.866 0.859 
   1   (0.130) 0.092 0.065 0.108 0.134 0.141 

Locus 109 : 
2 alleles
25.3% missing data
   0   (0.892) 0.927 0.841 0.905 0.892 0.892 
   1   (0.108) 0.073 0.159 0.095 0.108 0.108 

Locus 110 : 
2 alleles
12.4% missing data
   1   (0.603) 0.621 0.666 0.592 0.602 0.597 
   0   (0.397) 0.379 0.334 0.408 0.398 0.403 

Locus 111 : 
2 alleles
32.6% missing data
   0   (0.785) 0.802 0.701 0.803 0.786 0.795 
   1   (0.215) 0.198 0.299 0.197 0.214 0.205 

Locus 112 : 
2 alleles
53.4% missing data
   0   (0.868) 0.872 0.933 0.886 0.867 0.866 
   1   (0.132) 0.128 0.067 0.114 0.133 0.134 

Locus 113 : 
2 alleles
16.9% missing data
   1   (0.885) 0.894 0.888 0.887 0.886 0.895 
   0   (0.115) 0.106 0.112 0.113 0.114 0.105 

Locus 114 : 
2 alleles
5.6% missing data
   0   (0.921) 0.862 0.868 0.960 0.924 0.933 
   1   (0.079) 0.138 0.132 0.040 0.076 0.067 

Locus 115 : 
2 alleles
25.8% missing data
   0   (0.812) 0.841 0.716 0.863 0.812 0.801 
   1   (0.188) 0.159 0.284 0.137 0.188 0.199 

Locus 116 : 
2 alleles
24.7% missing data
   0   (0.754) 0.726 0.829 0.785 0.753 0.751 
   1   (0.246) 0.274 0.171 0.215 0.247 0.249 

Locus 117 : 
2 alleles
13.5% missing data
   0   (0.816) 0.800 0.870 0.801 0.819 0.826 
   1   (0.184) 0.200 0.130 0.199 0.181 0.174 

Locus 118 : 
2 alleles
5.6% missing data
   0   (0.578) 0.499 0.914 0.530 0.574 0.558 
   1   (0.422) 0.501 0.086 0.470 0.426 0.442 

Locus 119 : 
2 alleles
15.2% missing data
   0   (0.792) 0.791 0.925 0.775 0.790 0.790 
   1   (0.208) 0.209 0.075 0.225 0.210 0.210 

Locus 120 : 
2 alleles
23.0% missing data
   0   (0.892) 0.932 0.894 0.900 0.892 0.889 
   1   (0.108) 0.068 0.106 0.100 0.108 0.111 

Locus 121 : 
2 alleles
25.3% missing data
   0   (0.876) 0.871 0.891 0.915 0.877 0.876 
   1   (0.124) 0.129 0.109 0.085 0.123 0.124 

Locus 122 : 
2 alleles
12.9% missing data
   0   (0.813) 0.781 0.878 0.839 0.811 0.819 
   1   (0.187) 0.219 0.122 0.161 0.189 0.181 

Locus 123 : 
2 alleles
20.2% missing data
   1   (0.900) 0.938 0.806 0.889 0.902 0.904 
   0   (0.100) 0.062 0.194 0.111 0.098 0.096 

Locus 124 : 
2 alleles
43.8% missing data
   0   (0.602) 0.622 0.589 0.626 0.600 0.600 
   1   (0.398) 0.378 0.411 0.374 0.400 0.400 

Locus 125 : 
2 alleles
2.8% missing data
   0   (0.935) 0.963 0.946 0.944 0.933 0.938 
   1   (0.065) 0.037 0.054 0.056 0.067 0.062 

Locus 126 : 
2 alleles
15.2% missing data
   0   (0.883) 0.822 0.940 0.912 0.885 0.886 
   1   (0.117) 0.178 0.060 0.088 0.115 0.114 

Locus 127 : 
2 alleles
16.9% missing data
   0   (0.667) 0.688 0.616 0.659 0.668 0.673 
   1   (0.333) 0.312 0.384 0.341 0.332 0.327 

Locus 128 : 
2 alleles
63.5% missing data
   0   (0.714) 0.666 0.753 0.757 0.714 0.718 
   1   (0.286) 0.334 0.247 0.243 0.286 0.282 

Locus 129 : 
2 alleles
32.6% missing data
   0   (0.744) 0.747 0.629 0.797 0.743 0.744 
   1   (0.256) 0.253 0.371 0.203 0.257 0.256 

Locus 130 : 
2 alleles
30.9% missing data
   0   (0.865) 0.881 0.843 0.888 0.866 0.863 
   1   (0.135) 0.119 0.157 0.112 0.134 0.137 

Locus 131 : 
2 alleles
31.5% missing data
   0   (0.931) 0.956 0.930 0.950 0.931 0.928 
   1   (0.069) 0.044 0.070 0.050 0.069 0.072 

Locus 132 : 
2 alleles
9.0% missing data
   0   (0.799) 0.770 0.825 0.799 0.803 0.806 
   1   (0.201) 0.230 0.175 0.201 0.197 0.194 

Locus 133 : 
2 alleles
19.1% missing data
   1   (0.429) 0.461 0.489 0.352 0.432 0.426 
   0   (0.571) 0.539 0.511 0.648 0.568 0.574 

Locus 134 : 
2 alleles
45.5% missing data
   0   (0.812) 0.798 0.935 0.789 0.810 0.816 
   1   (0.188) 0.202 0.065 0.211 0.190 0.184 

Locus 135 : 
2 alleles
19.7% missing data
   0   (0.737) 0.690 0.747 0.734 0.742 0.747 
   1   (0.263) 0.310 0.253 0.266 0.258 0.253 

Locus 136 : 
2 alleles
2.8% missing data
   0   (0.900) 0.912 0.837 0.923 0.901 0.909 
   1   (0.100) 0.088 0.163 0.077 0.099 0.091 

Locus 137 : 
2 alleles
1.1% missing data
   1   (0.612) 0.638 0.748 0.540 0.611 0.617 
   0   (0.388) 0.362 0.252 0.460 0.389 0.383 

Locus 138 : 
2 alleles
49.4% missing data
   0   (0.843) 0.781 0.934 0.873 0.843 0.845 
   1   (0.157) 0.219 0.066 0.127 0.157 0.155 

Locus 139 : 
2 alleles
18.5% missing data
   0   (0.933) 0.943 0.913 0.913 0.937 0.944 
   1   (0.067) 0.057 0.087 0.087 0.063 0.056 

Locus 140 : 
2 alleles
16.3% missing data
   0   (0.941) 0.958 0.871 0.941 0.945 0.950 
   1   (0.059) 0.042 0.129 0.059 0.055 0.050 

Locus 141 : 
2 alleles
19.1% missing data
   0   (0.692) 0.659 0.713 0.738 0.695 0.689 
   1   (0.308) 0.341 0.287 0.262 0.305 0.311 

Locus 142 : 
2 alleles
16.3% missing data
   0   (0.432) 0.428 0.455 0.413 0.430 0.439 
   1   (0.568) 0.572 0.545 0.587 0.570 0.561 

Locus 143 : 
2 alleles
29.2% missing data
   0   (0.785) 0.798 0.793 0.754 0.787 0.794 
   1   (0.215) 0.202 0.207 0.246 0.213 0.206 

Locus 144 : 
2 alleles
6.7% missing data
   0   (0.912) 0.944 0.924 0.855 0.916 0.913 
   1   (0.088) 0.056 0.076 0.145 0.084 0.087 

Locus 145 : 
2 alleles
3.4% missing data
   0   (0.926) 0.947 0.891 0.918 0.927 0.935 
   1   (0.074) 0.053 0.109 0.082 0.073 0.065 

Locus 146 : 
2 alleles
17.4% missing data
   1   (0.683) 0.722 0.693 0.768 0.677 0.662 
   0   (0.317) 0.278 0.307 0.232 0.323 0.338 

Locus 147 : 
2 alleles
9.6% missing data
   0   (0.771) 0.833 0.606 0.754 0.773 0.777 
   1   (0.229) 0.167 0.394 0.246 0.227 0.223 

Locus 148 : 
2 alleles
11.8% missing data
   0   (0.896) 0.935 0.846 0.901 0.895 0.899 
   1   (0.104) 0.065 0.154 0.099 0.105 0.101 

Locus 149 : 
2 alleles
6.7% missing data
   0   (0.438) 0.453 0.514 0.422 0.437 0.431 
   1   (0.562) 0.547 0.486 0.578 0.563 0.569 

Locus 150 : 
2 alleles
44.9% missing data
   0   (0.818) 0.799 0.932 0.794 0.818 0.822 
   1   (0.182) 0.201 0.068 0.206 0.182 0.178 

Locus 151 : 
2 alleles
44.9% missing data
   1   (0.579) 0.607 0.751 0.534 0.576 0.566 
   0   (0.421) 0.393 0.249 0.466 0.424 0.434 

Locus 152 : 
2 alleles
22.5% missing data
   0   (0.861) 0.837 0.875 0.896 0.859 0.867 
   1   (0.139) 0.163 0.125 0.104 0.141 0.133 

Locus 153 : 
2 alleles
23.6% missing data
   0   (0.890) 0.887 0.919 0.907 0.890 0.894 
   1   (0.110) 0.113 0.081 0.093 0.110 0.106 

Locus 154 : 
2 alleles
6.7% missing data
   0   (0.965) 0.986 0.887 0.962 0.967 0.972 
   1   (0.035) 0.014 0.113 0.038 0.033 0.028 

Locus 155 : 
2 alleles
6.2% missing data
   0   (0.818) 0.849 0.841 0.870 0.815 0.805 
   1   (0.182) 0.151 0.159 0.130 0.185 0.195 

Locus 156 : 
2 alleles
22.5% missing data
   0   (0.918) 0.924 0.975 0.934 0.915 0.919 
   1   (0.082) 0.076 0.025 0.066 0.085 0.081 

Locus 157 : 
2 alleles
47.2% missing data
   1   (0.873) 0.871 0.897 0.897 0.873 0.876 
   0   (0.127) 0.129 0.103 0.103 0.127 0.124 

Locus 158 : 
2 alleles
34.3% missing data
   0   (0.758) 0.742 0.868 0.761 0.759 0.748 
   1   (0.242) 0.258 0.132 0.239 0.241 0.252 

Locus 159 : 
2 alleles
11.8% missing data
   1   (0.110) 0.075 0.129 0.098 0.110 0.109 
   0   (0.890) 0.925 0.871 0.902 0.890 0.891 

Locus 160 : 
2 alleles
26.4% missing data
   0   (0.937) 0.946 0.947 0.944 0.939 0.943 
   1   (0.063) 0.054 0.053 0.056 0.061 0.057 

Locus 161 : 
2 alleles
16.9% missing data
   0   (0.849) 0.880 0.716 0.868 0.851 0.855 
   1   (0.151) 0.120 0.284 0.132 0.149 0.145 

Locus 162 : 
2 alleles
18.0% missing data
   1   (0.958) 0.969 0.933 0.980 0.956 0.964 
   0   (0.042) 0.031 0.067 0.020 0.044 0.036 

Locus 163 : 
2 alleles
46.6% missing data
   1   (0.752) 0.735 0.751 0.783 0.752 0.754 
   0   (0.248) 0.265 0.249 0.217 0.248 0.246 

Locus 164 : 
2 alleles
27.0% missing data
   0   (0.904) 0.881 0.858 0.932 0.905 0.918 
   1   (0.096) 0.119 0.142 0.068 0.095 0.082 

Locus 165 : 
2 alleles
24.2% missing data
   0   (0.912) 0.952 0.882 0.879 0.912 0.919 
   1   (0.088) 0.048 0.118 0.121 0.088 0.081 

Locus 166 : 
2 alleles
46.1% missing data
   1   (0.708) 0.725 0.773 0.680 0.709 0.707 
   0   (0.292) 0.275 0.227 0.320 0.291 0.293 

Locus 167 : 
2 alleles
38.8% missing data
   0   (0.881) 0.893 0.945 0.903 0.880 0.879 
   1   (0.119) 0.107 0.055 0.097 0.120 0.121 

Locus 168 : 
2 alleles
15.2% missing data
   0   (0.820) 0.840 0.848 0.818 0.820 0.823 
   1   (0.180) 0.160 0.152 0.182 0.180 0.177 

Locus 169 : 
2 alleles
3.4% missing data
   1   (0.589) 0.638 0.687 0.562 0.587 0.578 
   0   (0.411) 0.362 0.313 0.438 0.413 0.422 

Locus 170 : 
2 alleles
43.8% missing data
   0   (0.840) 0.838 0.895 0.862 0.840 0.840 
   1   (0.160) 0.162 0.105 0.138 0.160 0.160 

Locus 171 : 
2 alleles
11.2% missing data
   0   (0.919) 0.944 0.904 0.939 0.920 0.918 
   1   (0.081) 0.056 0.096 0.061 0.080 0.082 

Locus 172 : 
2 alleles
29.2% missing data
   0   (0.839) 0.852 0.926 0.716 0.842 0.851 
   1   (0.161) 0.148 0.074 0.284 0.158 0.149 

Locus 173 : 
2 alleles
16.9% missing data
   0   (0.898) 0.906 0.940 0.890 0.899 0.907 
   1   (0.102) 0.094 0.060 0.110 0.101 0.093 

Locus 174 : 
2 alleles
16.3% missing data
   0   (0.870) 0.914 0.928 0.866 0.869 0.859 
   1   (0.130) 0.086 0.072 0.134 0.131 0.141 

Locus 175 : 
2 alleles
10.1% missing data
   0   (0.875) 0.914 0.936 0.893 0.870 0.863 
   1   (0.125) 0.086 0.064 0.107 0.130 0.137 

Locus 176 : 
2 alleles
10.7% missing data
   0   (0.778) 0.699 0.789 0.836 0.783 0.780 
   1   (0.222) 0.301 0.211 0.164 0.217 0.220 

Locus 177 : 
2 alleles
28.7% missing data
   0   (0.611) 0.675 0.689 0.598 0.604 0.604 
   1   (0.389) 0.325 0.311 0.402 0.396 0.396 

Locus 178 : 
2 alleles
18.5% missing data
   1   (0.852) 0.833 0.942 0.891 0.851 0.842 
   0   (0.148) 0.167 0.058 0.109 0.149 0.158 

Locus 179 : 
2 alleles
12.9% missing data
   0   (0.835) 0.832 0.786 0.862 0.836 0.843 
   1   (0.165) 0.168 0.214 0.138 0.164 0.157 

Locus 180 : 
2 alleles
7.9% missing data
   1   (0.955) 0.963 0.948 0.977 0.955 0.961 
   0   (0.045) 0.037 0.052 0.023 0.045 0.039 

Locus 181 : 
2 alleles
2.2% missing data
   0   (0.404) 0.434 0.516 0.409 0.397 0.388 
   1   (0.596) 0.566 0.484 0.591 0.603 0.612 

Locus 182 : 
2 alleles
26.4% missing data
   0   (0.626) 0.662 0.609 0.595 0.628 0.625 
   1   (0.374) 0.338 0.391 0.405 0.372 0.375 

Locus 183 : 
2 alleles
28.7% missing data
   1   (0.839) 0.821 0.639 0.906 0.840 0.851 
   0   (0.161) 0.179 0.361 0.094 0.160 0.149 

Locus 184 : 
2 alleles
48.3% missing data
   0   (0.903) 0.916 0.872 0.916 0.904 0.910 
   1   (0.097) 0.084 0.128 0.084 0.096 0.090 

Locus 185 : 
2 alleles
10.1% missing data
   0   (0.955) 0.954 0.932 0.969 0.958 0.964 
   1   (0.045) 0.046 0.068 0.031 0.042 0.036 

Locus 186 : 
2 alleles
1.7% missing data
   0   (0.909) 0.938 0.953 0.887 0.910 0.912 
   1   (0.091) 0.062 0.047 0.113 0.090 0.088 

Locus 187 : 
2 alleles
21.9% missing data
   0   (0.898) 0.933 0.961 0.839 0.898 0.902 
   1   (0.102) 0.067 0.039 0.161 0.102 0.098 

Locus 188 : 
2 alleles
18.5% missing data
   1   (0.943) 0.951 0.987 0.945 0.943 0.944 
   0   (0.057) 0.049 0.013 0.055 0.057 0.056 

Locus 189 : 
2 alleles
47.8% missing data
   1   (0.726) 0.758 0.619 0.677 0.731 0.739 
   0   (0.274) 0.242 0.381 0.323 0.269 0.261 

Locus 190 : 
2 alleles
52.8% missing data
   1   (0.270) 0.235 0.229 0.268 0.273 0.275 
   0   (0.730) 0.765 0.771 0.732 0.727 0.725 

Locus 191 : 
2 alleles
16.9% missing data
   0   (0.953) 0.979 0.907 0.944 0.955 0.957 
   1   (0.047) 0.021 0.093 0.056 0.045 0.043 

Locus 192 : 
2 alleles
16.9% missing data
   0   (0.907) 0.885 0.852 0.926 0.911 0.919 
   1   (0.093) 0.115 0.148 0.074 0.089 0.081 

Locus 193 : 
2 alleles
18.5% missing data
   0   (0.880) 0.879 0.947 0.915 0.880 0.872 
   1   (0.120) 0.121 0.053 0.085 0.120 0.128 

Locus 194 : 
2 alleles
3.4% missing data
   1   (0.864) 0.900 0.918 0.866 0.861 0.858 
   0   (0.136) 0.100 0.082 0.134 0.139 0.142 

Locus 195 : 
2 alleles
6.2% missing data
   0   (0.949) 0.966 0.936 0.954 0.951 0.955 
   1   (0.051) 0.034 0.064 0.046 0.049 0.045 

Locus 196 : 
2 alleles
5.6% missing data
   0   (0.965) 0.986 0.866 0.983 0.966 0.969 
   1   (0.035) 0.014 0.134 0.017 0.034 0.031 

Locus 197 : 
2 alleles
39.9% missing data
   0   (0.685) 0.688 0.807 0.665 0.682 0.684 
   1   (0.315) 0.312 0.193 0.335 0.318 0.316 

Locus 198 : 
2 alleles
14.6% missing data
   0   (0.938) 0.947 0.836 0.968 0.939 0.942 
   1   (0.062) 0.053 0.164 0.032 0.061 0.058 

Locus 199 : 
2 alleles
27.5% missing data
   0   (0.926) 0.935 0.966 0.941 0.926 0.926 
   1   (0.074) 0.065 0.034 0.059 0.074 0.074 

Locus 200 : 
2 alleles
5.6% missing data
   0   (0.913) 0.941 0.880 0.929 0.914 0.912 
   1   (0.087) 0.059 0.120 0.071 0.086 0.088 

Locus 201 : 
2 alleles
1.7% missing data
   0   (0.774) 0.776 0.777 0.827 0.774 0.762 
   1   (0.226) 0.224 0.223 0.173 0.226 0.238 

Locus 202 : 
2 alleles
14.6% missing data
   0   (0.867) 0.869 0.843 0.904 0.867 0.866 
   1   (0.133) 0.131 0.157 0.096 0.133 0.134 

Locus 203 : 
2 alleles
16.9% missing data
   0   (0.893) 0.907 0.947 0.830 0.897 0.902 
   1   (0.107) 0.093 0.053 0.170 0.103 0.098 

Locus 204 : 
2 alleles
25.3% missing data
   0   (0.847) 0.833 0.907 0.801 0.851 0.863 
   1   (0.153) 0.167 0.093 0.199 0.149 0.137 

Locus 205 : 
2 alleles
29.2% missing data
   0   (0.893) 0.874 0.969 0.925 0.891 0.888 
   1   (0.107) 0.126 0.031 0.075 0.109 0.112 

Locus 206 : 
2 alleles
50.6% missing data
   0   (0.913) 0.932 0.933 0.885 0.915 0.918 
   1   (0.087) 0.068 0.067 0.115 0.085 0.082 

Locus 207 : 
2 alleles
6.7% missing data
   0   (0.764) 0.785 0.941 0.682 0.762 0.752 
   1   (0.236) 0.215 0.059 0.318 0.238 0.248 

Locus 208 : 
2 alleles
6.7% missing data
   0   (0.881) 0.898 0.823 0.917 0.882 0.881 
   1   (0.119) 0.102 0.177 0.083 0.118 0.119 

Locus 209 : 
2 alleles
30.9% missing data
   0   (0.462) 0.463 0.482 0.444 0.465 0.456 
   1   (0.538) 0.537 0.518 0.556 0.535 0.544 

Locus 210 : 
2 alleles
33.7% missing data
   0   (0.955) 0.967 0.993 0.973 0.952 0.943 
   1   (0.045) 0.033 0.007 0.027 0.048 0.057 

Locus 211 : 
2 alleles
32.6% missing data
   0   (0.844) 0.809 0.911 0.866 0.846 0.844 
   1   (0.156) 0.191 0.089 0.134 0.154 0.156 

Locus 212 : 
2 alleles
21.3% missing data
   0   (0.841) 0.816 0.959 0.791 0.842 0.846 
   1   (0.159) 0.184 0.041 0.209 0.158 0.154 

Locus 213 : 
2 alleles
13.5% missing data
   0   (0.958) 0.981 0.881 0.964 0.959 0.963 
   1   (0.042) 0.019 0.119 0.036 0.041 0.037 

Locus 214 : 
2 alleles
19.7% missing data
   0   (0.860) 0.856 0.935 0.849 0.862 0.858 
   1   (0.140) 0.144 0.065 0.151 0.138 0.142 

Locus 215 : 
2 alleles
12.4% missing data
   1   (0.840) 0.872 0.605 0.884 0.843 0.844 
   0   (0.160) 0.128 0.395 0.116 0.157 0.156 

Locus 216 : 
2 alleles
32.0% missing data
   0   (0.922) 0.957 0.691 0.949 0.923 0.921 
   1   (0.078) 0.043 0.309 0.051 0.077 0.079 

Locus 217 : 
2 alleles
50.6% missing data
   0   (0.932) 0.961 0.928 0.957 0.929 0.929 
   1   (0.068) 0.039 0.072 0.043 0.071 0.071 

Locus 218 : 
2 alleles
54.5% missing data
   0   (0.834) 0.864 0.774 0.880 0.832 0.833 
   1   (0.166) 0.136 0.226 0.120 0.168 0.167 

Locus 219 : 
2 alleles
50.0% missing data
   0   (0.394) 0.367 0.381 0.408 0.394 0.400 
   1   (0.606) 0.633 0.619 0.592 0.606 0.600 

Locus 220 : 
2 alleles
46.6% missing data
   0   (0.809) 0.867 0.763 0.777 0.809 0.812 
   1   (0.191) 0.133 0.237 0.223 0.191 0.188 

Locus 221 : 
2 alleles
27.0% missing data
   0   (0.705) 0.699 0.603 0.687 0.711 0.721 
   1   (0.295) 0.301 0.397 0.313 0.289 0.279 

Locus 222 : 
2 alleles
54.5% missing data
   0   (0.862) 0.903 0.950 0.842 0.860 0.853 
   1   (0.138) 0.097 0.050 0.158 0.140 0.147 

Locus 223 : 
2 alleles
10.1% missing data
   0   (0.894) 0.909 0.926 0.894 0.894 0.895 
   1   (0.106) 0.091 0.074 0.106 0.106 0.105 

Locus 224 : 
2 alleles
20.8% missing data
   0   (0.293) 0.277 0.150 0.299 0.294 0.308 
   1   (0.707) 0.723 0.850 0.701 0.706 0.692 

Locus 225 : 
2 alleles
8.4% missing data
   0   (0.943) 0.949 0.885 0.957 0.946 0.952 
   1   (0.057) 0.051 0.115 0.043 0.054 0.048 

Locus 226 : 
2 alleles
15.2% missing data
   0   (0.907) 0.941 0.913 0.922 0.906 0.904 
   1   (0.093) 0.059 0.087 0.078 0.094 0.096 

Locus 227 : 
2 alleles
39.9% missing data
   0   (0.457) 0.468 0.477 0.421 0.456 0.462 
   1   (0.543) 0.532 0.523 0.579 0.544 0.538 

Locus 228 : 
2 alleles
14.0% missing data
   0   (0.804) 0.816 0.945 0.824 0.798 0.782 
   1   (0.196) 0.184 0.055 0.176 0.202 0.218 

Locus 229 : 
2 alleles
20.2% missing data
   0   (0.936) 0.933 0.729 0.969 0.939 0.946 
   1   (0.064) 0.067 0.271 0.031 0.061 0.054 

Locus 230 : 
2 alleles
75.8% missing data
   0   (0.786) 0.798 0.871 0.769 0.784 0.788 
   1   (0.214) 0.202 0.129 0.231 0.216 0.212 

Locus 231 : 
2 alleles
16.9% missing data
   1   (0.539) 0.596 0.580 0.513 0.537 0.534 
   0   (0.461) 0.404 0.420 0.487 0.463 0.466 

Locus 232 : 
2 alleles
18.0% missing data
   0   (0.276) 0.267 0.272 0.306 0.275 0.266 
   1   (0.724) 0.733 0.728 0.694 0.725 0.734 

Locus 233 : 
2 alleles
59.0% missing data
   0   (0.741) 0.712 0.922 0.738 0.739 0.730 
   1   (0.259) 0.288 0.078 0.262 0.261 0.270 

Locus 234 : 
2 alleles
23.6% missing data
   0   (0.534) 0.553 0.513 0.523 0.536 0.530 
   1   (0.466) 0.447 0.487 0.477 0.464 0.470 

Locus 235 : 
2 alleles
14.0% missing data
   0   (0.919) 0.935 0.975 0.947 0.916 0.907 
   1   (0.081) 0.065 0.025 0.053 0.084 0.093 

Locus 236 : 
2 alleles
22.5% missing data
   0   (0.210) 0.198 0.119 0.189 0.210 0.225 
   1   (0.790) 0.802 0.881 0.811 0.790 0.775 

Locus 237 : 
2 alleles
35.4% missing data
   0   (0.908) 0.893 0.970 0.874 0.909 0.920 
   1   (0.092) 0.107 0.030 0.126 0.091 0.080 

Locus 238 : 
2 alleles
20.8% missing data
   1   (0.765) 0.818 0.653 0.776 0.765 0.764 
   0   (0.235) 0.182 0.347 0.224 0.235 0.236 

Locus 239 : 
2 alleles
37.6% missing data
   0   (0.826) 0.842 0.956 0.806 0.822 0.814 
   1   (0.174) 0.158 0.044 0.194 0.178 0.186 

Locus 240 : 
2 alleles
47.8% missing data
   1   (0.176) 0.185 0.233 0.146 0.174 0.171 
   0   (0.824) 0.815 0.767 0.854 0.826 0.829 

Locus 241 : 
2 alleles
37.1% missing data
   0   (0.961) 0.974 0.922 0.978 0.962 0.967 
   1   (0.039) 0.026 0.078 0.022 0.038 0.033 

Locus 242 : 
2 alleles
2.2% missing data
   0   (0.861) 0.875 0.853 0.906 0.859 0.861 
   1   (0.139) 0.125 0.147 0.094 0.141 0.139 

Locus 243 : 
2 alleles
39.9% missing data
   0   (0.677) 0.697 0.586 0.671 0.679 0.686 
   1   (0.323) 0.303 0.414 0.329 0.321 0.314 

Locus 244 : 
2 alleles
32.6% missing data
   0   (0.931) 0.956 0.988 0.893 0.930 0.926 
   1   (0.069) 0.044 0.012 0.107 0.070 0.074 

Locus 245 : 
2 alleles
27.5% missing data
   0   (0.966) 0.976 0.934 0.985 0.967 0.970 
   1   (0.034) 0.024 0.066 0.015 0.033 0.030 

Locus 246 : 
2 alleles
62.9% missing data
   0   (0.955) 0.967 0.957 0.971 0.957 0.955 
   1   (0.045) 0.033 0.043 0.029 0.043 0.045 

Locus 247 : 
2 alleles
55.1% missing data
   0   (0.860) 0.872 0.911 0.878 0.858 0.858 
   1   (0.140) 0.128 0.089 0.122 0.142 0.142 

Locus 248 : 
2 alleles
13.5% missing data
   0   (0.924) 0.913 0.960 0.954 0.923 0.925 
   1   (0.076) 0.087 0.040 0.046 0.077 0.075 

Locus 249 : 
2 alleles
39.3% missing data
   0   (0.919) 0.935 0.978 0.920 0.920 0.909 
   1   (0.081) 0.065 0.022 0.080 0.080 0.091 

Locus 250 : 
2 alleles
19.1% missing data
   0   (0.783) 0.771 0.765 0.806 0.781 0.795 
   1   (0.217) 0.229 0.235 0.194 0.219 0.205 

Locus 251 : 
2 alleles
56.2% missing data
   0   (0.960) 0.978 0.773 0.972 0.962 0.965 
   1   (0.040) 0.022 0.227 0.028 0.038 0.035 

Locus 252 : 
2 alleles
57.9% missing data
   0   (0.807) 0.796 0.897 0.828 0.806 0.801 
   1   (0.193) 0.204 0.103 0.172 0.194 0.199 

Locus 253 : 
2 alleles
44.4% missing data
   0   (0.880) 0.926 0.792 0.844 0.881 0.889 
   1   (0.120) 0.074 0.208 0.156 0.119 0.111 

Locus 254 : 
2 alleles
8.4% missing data
   0   (0.804) 0.803 0.807 0.829 0.805 0.805 
   1   (0.196) 0.197 0.193 0.171 0.195 0.195 

Locus 255 : 
2 alleles
19.1% missing data
   0   (0.347) 0.273 0.380 0.323 0.353 0.358 
   1   (0.653) 0.727 0.620 0.677 0.647 0.642 

Locus 256 : 
2 alleles
2.2% missing data
   1   (0.895) 0.856 0.847 0.944 0.896 0.903 
   0   (0.105) 0.144 0.153 0.056 0.104 0.097 

Locus 257 : 
2 alleles
34.3% missing data
   0   (0.903) 0.906 0.894 0.922 0.904 0.910 
   1   (0.097) 0.094 0.106 0.078 0.096 0.090 

Locus 258 : 
2 alleles
33.1% missing data
   0   (0.951) 0.952 0.914 0.973 0.953 0.956 
   1   (0.049) 0.048 0.086 0.027 0.047 0.044 

Locus 259 : 
2 alleles
5.6% missing data
   0   (0.948) 0.970 0.974 0.974 0.946 0.941 
   1   (0.052) 0.030 0.026 0.026 0.054 0.059 

Locus 260 : 
2 alleles
46.1% missing data
   0   (0.753) 0.756 0.757 0.768 0.752 0.756 
   1   (0.247) 0.244 0.243 0.232 0.248 0.244 

Locus 261 : 
2 alleles
60.7% missing data
   0   (0.942) 0.955 0.946 0.953 0.943 0.944 
   1   (0.058) 0.045 0.054 0.047 0.057 0.056 

Locus 262 : 
2 alleles
51.1% missing data
   0   (0.786) 0.801 0.885 0.805 0.783 0.771 
   1   (0.214) 0.199 0.115 0.195 0.217 0.229 

Locus 263 : 
2 alleles
18.5% missing data
   0   (0.560) 0.526 0.539 0.576 0.558 0.579 
   1   (0.440) 0.474 0.461 0.424 0.442 0.421 

Locus 264 : 
2 alleles
53.9% missing data
   0   (0.296) 0.283 0.286 0.253 0.299 0.306 
   1   (0.704) 0.717 0.714 0.747 0.701 0.694 

Locus 265 : 
2 alleles
21.3% missing data
   0   (0.889) 0.874 0.909 0.877 0.895 0.898 
   1   (0.111) 0.126 0.091 0.123 0.105 0.102 

Locus 266 : 
2 alleles
19.7% missing data
   0   (0.910) 0.944 0.785 0.875 0.914 0.924 
   1   (0.090) 0.056 0.215 0.125 0.086 0.076 

Locus 267 : 
2 alleles
6.2% missing data
   1   (0.722) 0.716 0.682 0.775 0.722 0.717 
   0   (0.278) 0.284 0.318 0.225 0.278 0.283 

Locus 268 : 
2 alleles
9.6% missing data
   0   (0.544) 0.582 0.650 0.469 0.545 0.539 
   1   (0.456) 0.418 0.350 0.531 0.455 0.461 

Locus 269 : 
2 alleles
49.4% missing data
   0   (0.551) 0.551 0.458 0.541 0.555 0.566 
   1   (0.449) 0.449 0.542 0.459 0.445 0.434 

Locus 270 : 
2 alleles
10.1% missing data
   0   (0.554) 0.460 0.539 0.624 0.556 0.568 
   1   (0.446) 0.540 0.461 0.376 0.444 0.432 

Locus 271 : 
2 alleles
16.3% missing data
   0   (0.905) 0.939 0.903 0.930 0.902 0.896 
   1   (0.095) 0.061 0.097 0.070 0.098 0.104 

Locus 272 : 
2 alleles
24.2% missing data
   0   (0.905) 0.917 0.954 0.891 0.906 0.907 
   1   (0.095) 0.083 0.046 0.109 0.094 0.093 

Locus 273 : 
2 alleles
59.6% missing data
   0   (0.801) 0.770 0.931 0.815 0.799 0.798 
   1   (0.199) 0.230 0.069 0.185 0.201 0.202 

Locus 274 : 
2 alleles
16.9% missing data
   0   (0.947) 0.975 0.978 0.963 0.943 0.942 
   1   (0.053) 0.025 0.022 0.037 0.057 0.058 

Locus 275 : 
2 alleles
62.4% missing data
   0   (0.873) 0.873 0.953 0.866 0.872 0.875 
   1   (0.127) 0.127 0.047 0.134 0.128 0.125 

Locus 276 : 
2 alleles
10.7% missing data
   0   (0.939) 0.951 0.906 0.959 0.941 0.945 
   1   (0.061) 0.049 0.094 0.041 0.059 0.055 

Locus 277 : 
2 alleles
9.6% missing data
   0   (0.954) 0.930 0.890 0.977 0.957 0.965 
   1   (0.046) 0.070 0.110 0.023 0.043 0.035 

Locus 278 : 
2 alleles
46.6% missing data
   0   (0.240) 0.187 0.352 0.239 0.240 0.237 
   1   (0.760) 0.813 0.648 0.761 0.760 0.763 

Locus 279 : 
2 alleles
37.1% missing data
   0   (0.771) 0.746 0.914 0.765 0.768 0.768 
   1   (0.229) 0.254 0.086 0.235 0.232 0.232 

Locus 280 : 
2 alleles
9.6% missing data
   0   (0.874) 0.883 0.870 0.902 0.876 0.875 
   1   (0.126) 0.117 0.130 0.098 0.124 0.125 

Locus 281 : 
2 alleles
6.7% missing data
   0   (0.772) 0.736 0.772 0.784 0.775 0.786 
   1   (0.228) 0.264 0.228 0.216 0.225 0.214 

Locus 282 : 
2 alleles
19.1% missing data
   0   (0.662) 0.673 0.780 0.698 0.657 0.643 
   1   (0.338) 0.327 0.220 0.302 0.343 0.357 

Locus 283 : 
2 alleles
9.0% missing data
   0   (0.901) 0.900 0.952 0.914 0.901 0.903 
   1   (0.099) 0.100 0.048 0.086 0.099 0.097 

Locus 284 : 
2 alleles
7.9% missing data
   0   (0.861) 0.894 0.891 0.868 0.858 0.861 
   1   (0.139) 0.106 0.109 0.132 0.142 0.139 

Locus 285 : 
2 alleles
5.6% missing data
   0   (0.801) 0.833 0.778 0.836 0.799 0.790 
   1   (0.199) 0.167 0.222 0.164 0.201 0.210 

Locus 286 : 
2 alleles
29.2% missing data
   0   (0.936) 0.966 0.916 0.931 0.938 0.939 
   1   (0.064) 0.034 0.084 0.069 0.062 0.061 

Locus 287 : 
2 alleles
9.0% missing data
   0   (0.914) 0.887 0.908 0.951 0.914 0.923 
   1   (0.086) 0.113 0.092 0.049 0.086 0.077 

Locus 288 : 
2 alleles
8.4% missing data
   1   (0.875) 0.903 0.817 0.873 0.877 0.882 
   0   (0.125) 0.097 0.183 0.127 0.123 0.118 

Locus 289 : 
2 alleles
24.7% missing data
   0   (0.715) 0.688 0.834 0.698 0.717 0.715 
   1   (0.285) 0.312 0.166 0.302 0.283 0.285 

Locus 290 : 
2 alleles
32.0% missing data
   0   (0.422) 0.394 0.393 0.477 0.423 0.411 
   1   (0.578) 0.606 0.607 0.523 0.577 0.589 

Locus 291 : 
2 alleles
47.2% missing data
   0   (0.777) 0.799 0.842 0.770 0.775 0.779 
   1   (0.223) 0.201 0.158 0.230 0.225 0.221 

Locus 292 : 
2 alleles
21.3% missing data
   0   (0.969) 0.986 0.934 0.977 0.971 0.973 
   1   (0.031) 0.014 0.066 0.023 0.029 0.027 

Locus 293 : 
2 alleles
33.7% missing data
   0   (0.857) 0.881 0.970 0.835 0.853 0.847 
   1   (0.143) 0.119 0.030 0.165 0.147 0.153 

Locus 294 : 
2 alleles
57.3% missing data
   1   (0.232) 0.196 0.691 0.273 0.221 0.203 
   0   (0.768) 0.804 0.309 0.727 0.779 0.797 

Locus 295 : 
2 alleles
20.8% missing data
   0   (0.850) 0.845 0.856 0.877 0.851 0.847 
   1   (0.150) 0.155 0.144 0.123 0.149 0.153 

Locus 296 : 
2 alleles
26.4% missing data
   0   (0.786) 0.793 0.939 0.783 0.781 0.772 
   1   (0.214) 0.207 0.061 0.217 0.219 0.228 

Locus 297 : 
2 alleles
9.6% missing data
   0   (0.941) 0.933 0.946 0.961 0.943 0.948 
   1   (0.059) 0.067 0.054 0.039 0.057 0.052 

Locus 298 : 
2 alleles
34.8% missing data
   0   (0.879) 0.887 0.755 0.897 0.882 0.888 
   1   (0.121) 0.113 0.245 0.103 0.118 0.112 

Locus 299 : 
2 alleles
7.3% missing data
   1   (0.912) 0.912 0.818 0.928 0.916 0.922 
   0   (0.088) 0.088 0.182 0.072 0.084 0.078 

Locus 300 : 
2 alleles
28.7% missing data
   0   (0.758) 0.574 0.707 0.787 0.765 0.792 
   1   (0.242) 0.426 0.293 0.213 0.235 0.208 

Values of parameters used in structure:
DATAFILE=/Users/Amy 1/Desktop/Population_Genetics/Lab/R/Lab_8/Lab8_2/project_data,	OUTFILE=/Users/Amy 1/Desktop/Population_Genetics/Lab/R/Lab_8/Lab8_2/Set_One/Results/Set_One_run_15,	NUMINDS=178,	NUMLOCI=300,	MISSING=-9,	LABEL=1,	POPDATA=1,	POPFLAG=0,	PHENOTYPE=0,	EXTRACOLS=0,	MAXPOPS=5,	BURNIN=5000,	NUMREPS=10000,	USEPOPINFO=0,	INFERALPHA=1,	INFERLAMBDA=0,	POPSPECIFICLAMBDA=0,	POPALPHAS=0,	COMPUTEPROB=1,	NOADMIX=0,	ADMBURNIN=2500,	UPDATEFREQ=1,	PRINTLIKES=0,	INTERMEDSAVE=0,	PRINTKLD=0,	PRINTNET=0,	PRINTLAMBDA=0,	ANCESTDIST=0,	NUMBOXES=1000,	ANCESTPINT=0.90000,	GENSBACK=2,	MIGRPRIOR=0.05000,	PRINTQHAT=0,	PRINTQSUM=0,	ALPHA=1.0000,	FREQSCORR=1,	FPRIORMEAN=0.0100,	FPRIORSD=0.0500,	ONEFST=0,	LAMBDA=1.0000,	UNIFPRIORALPHA=1,	ALPHAMAX=10.0000,	ALPHAPRIORA=1.0000,	ALPHAPRIORB=2.0000,	ALPHAPROPSD=0.0250,	STARTATPOPINFO=0,	RANDOMIZE=1,	LINKAGE=0,	METROFREQ=10,	REPORTHITRATE=0,	MARKOVPHASE=-1,	PHASED=0,	PLOIDY=2,	PHASEINFO=0	LOCPRIOR=0, 	LOCPRIORINIT=1.000000, 	LOCDATA=0, 	LOCISPOP=0, 	LOCPRIORSTEP=0.100000, 	MAXLOCPRIOR=20.000000, 	SEED=1571414484,	
[STRAT parameters]:    NUMSIMSTATS=1000,	PHENOTYPECOL=-9,	POOLFREQ=10,	LOCUSxONLY=0,	EMERROR=0.00100,	MISSINGPHENO=-9,	