

----------------------------------------------------
STRUCTURE by Pritchard, Stephens and Donnelly (2000)
     and Falush, Stephens and Pritchard (2003)
       Code by Pritchard, Falush and Hubisz
             Version 2.3.4 (Jul 2012)
----------------------------------------------------



Command line arguments:   bin/structure -m "/Users/Amy 1/Desktop/Population_Genetics/Lab/R/Lab_8/Lab8/Set_One/mainparams" -e "/Users/Amy 1/Desktop/Population_Genetics/Lab/R/Lab_8/Lab8/Set_One/extraparams" 
Input File:    /Users/Amy 1/Desktop/Population_Genetics/Lab/R/Lab_8/Lab8/project_data

Run parameters:
   82 individuals
   300 loci
   4 populations assumed
   5000 Burn-in period
   10000 Reps


--------------------------------------------
Proportion of membership of each pre-defined
 population in each of the 4 clusters

Given    Inferred Clusters              Number of
 Pop       1      2      3      4      Individuals

  1:     0.016  0.012  0.191  0.781       26
  2:     0.008  0.972  0.010  0.011       36
  3:     0.932  0.013  0.040  0.015       20
--------------------------------------------

Allele-freq. divergence among pops (Net nucleotide distance),
computed using point estimates of P.

      1       2       3       4      
 1      -    0.0243  0.0066  0.0118  
 2   0.0243     -    0.0150  0.0206  
 3   0.0066  0.0150     -    0.0026  
 4   0.0118  0.0206  0.0026     -    

Average distances (expected heterozygosity) between individuals in same cluster:
cluster  1  : 0.2455 
cluster  2  : 0.2306 
cluster  3  : 0.2702 
cluster  4  : 0.2512 

--------------------------------------------
Estimated Ln Prob of Data   = -15748.4
Mean value of ln likelihood = -15384.4
Variance of ln likelihood   = 727.9
Mean value of alpha         = 0.0359

Mean value of Fst_1         = 0.0765
Mean value of Fst_2         = 0.1409
Mean value of Fst_3         = 0.0307
Mean value of Fst_4         = 0.0598


Inferred ancestry of individuals:
        Label (%Miss) Pop:  Inferred clusters
  1     1001    (3)    3 :  0.990 0.001 0.003 0.006 
  2     1002    (5)    3 :  0.929 0.019 0.040 0.012 
  3     1003    (3)    3 :  0.969 0.002 0.016 0.013 
  4     1004    (3)    3 :  0.777 0.001 0.176 0.046 
  5     1005    (7)    3 :  0.980 0.004 0.007 0.009 
  6     1006    (9)    3 :  0.973 0.005 0.007 0.016 
  7     1007    (4)    3 :  0.967 0.012 0.012 0.008 
  8     1008    (6)    3 :  0.983 0.003 0.006 0.009 
  9     1009    (4)    3 :  0.810 0.006 0.102 0.081 
 10     1010    (6)    3 :  0.988 0.002 0.004 0.006 
 11     1011    (5)    3 :  0.994 0.002 0.002 0.002 
 12     1012    (3)    3 :  0.840 0.039 0.092 0.029 
 13     1013    (3)    3 :  0.956 0.006 0.032 0.006 
 14     1014    (5)    3 :  0.971 0.004 0.021 0.005 
 15     1015    (5)    3 :  0.978 0.006 0.012 0.004 
 16     1016    (2)    3 :  0.983 0.003 0.007 0.007 
 17     1017    (4)    3 :  0.625 0.126 0.240 0.009 
 18     1018    (4)    3 :  0.987 0.002 0.007 0.003 
 19     1019    (2)    3 :  0.955 0.013 0.004 0.028 
 20     1020    (3)    3 :  0.985 0.004 0.008 0.003 
 21     1601   (19)    2 :  0.004 0.982 0.006 0.007 
 22     1602    (7)    2 :  0.003 0.984 0.008 0.005 
 23     1603    (5)    2 :  0.002 0.990 0.006 0.003 
 24     1604    (7)    2 :  0.006 0.985 0.005 0.005 
 25     1605    (7)    2 :  0.002 0.990 0.006 0.002 
 26     1606    (9)    2 :  0.003 0.991 0.003 0.004 
 27     1607   (15)    2 :  0.007 0.960 0.009 0.024 
 28     1608   (13)    2 :  0.004 0.988 0.004 0.005 
 29     1609   (10)    2 :  0.008 0.971 0.011 0.010 
 30     1610    (8)    2 :  0.005 0.985 0.006 0.004 
 31     1611   (19)    2 :  0.001 0.994 0.002 0.003 
 32     1612   (10)    2 :  0.058 0.929 0.009 0.005 
 33     1613    (7)    2 :  0.024 0.914 0.041 0.022 
 34     1614   (10)    2 :  0.005 0.988 0.003 0.003 
 35     1615    (7)    2 :  0.004 0.969 0.013 0.014 
 36     1616    (7)    2 :  0.006 0.989 0.002 0.003 
 37     1617    (9)    2 :  0.006 0.949 0.025 0.020 
 38     1618   (23)    2 :  0.003 0.990 0.004 0.004 
 39     1619   (12)    2 :  0.004 0.964 0.016 0.015 
 40     1620   (15)    2 :  0.002 0.993 0.003 0.003 
 41     1621   (11)    2 :  0.003 0.985 0.002 0.010 
 42     1622   (16)    2 :  0.007 0.978 0.005 0.010 
 43     1623   (12)    2 :  0.002 0.989 0.006 0.003 
 44     1624   (15)    2 :  0.002 0.993 0.002 0.003 
 45     1625    (5)    2 :  0.011 0.968 0.014 0.007 
 46     1626    (8)    2 :  0.017 0.948 0.026 0.008 
 47     1627   (18)    2 :  0.012 0.867 0.014 0.106 
 48     1628   (24)    2 :  0.009 0.977 0.010 0.004 
 49     1629   (21)    2 :  0.004 0.988 0.003 0.005 
 50     1630   (33)    2 :  0.024 0.919 0.040 0.016 
 51     1631   (30)    2 :  0.008 0.951 0.017 0.024 
 52     1632   (25)    2 :  0.002 0.994 0.003 0.002 
 53     1633   (20)    2 :  0.001 0.990 0.003 0.006 
 54     1634   (16)    2 :  0.002 0.981 0.003 0.014 
 55     1635   (23)    2 :  0.005 0.980 0.009 0.006 
 56     1636   (20)    2 :  0.008 0.983 0.006 0.004 
 57 1831-13469   (26)    1 :  0.002 0.003 0.015 0.980 
 58 2511-04833   (17)    1 :  0.006 0.002 0.007 0.985 
 59 2600-27318   (12)    1 :  0.003 0.014 0.678 0.304 
 60 2600-27353   (29)    1 :  0.018 0.012 0.605 0.366 
 61 2600-27665   (14)    1 :  0.084 0.001 0.023 0.893 
 62 2600-27679   (33)    1 :  0.004 0.003 0.008 0.986 
 63 2600-27714   (15)    1 :  0.038 0.016 0.071 0.875 
 64 2600-27772   (25)    1 :  0.036 0.002 0.045 0.916 
 65 2600-54720   (25)    1 :  0.008 0.009 0.049 0.934 
 66 2600-54869   (15)    1 :  0.012 0.004 0.142 0.842 
 67 2600-54934   (17)    1 :  0.005 0.023 0.833 0.138 
 68 2600-54936   (24)    1 :  0.005 0.005 0.294 0.696 
 69 2600-54946   (31)    1 :  0.011 0.008 0.012 0.968 
 70 2600-54962   (18)    1 :  0.004 0.002 0.012 0.982 
 71 2600-54972   (19)    1 :  0.005 0.010 0.047 0.938 
 72 2600-54979   (17)    1 :  0.041 0.010 0.191 0.757 
 73 2640-97014   (38)    1 :  0.008 0.010 0.318 0.664 
 74 2640-97015   (11)    1 :  0.004 0.027 0.027 0.941 
 75 2640-97016   (15)    1 :  0.023 0.002 0.022 0.953 
 76 2640-97017   (28)    1 :  0.005 0.006 0.263 0.726 
 77 2640-97129   (20)    1 :  0.006 0.105 0.097 0.792 
 78 2640-97130   (57)    1 :  0.012 0.006 0.133 0.850 
 79 2640-97131   (34)    1 :  0.045 0.006 0.586 0.363 
 80 2640-97134   (37)    1 :  0.025 0.008 0.377 0.589 
 81 2640-97135   (48)    1 :  0.011 0.006 0.036 0.947 
 82 2640-97137   (19)    1 :  0.007 0.005 0.061 0.928 


Estimated Allele Frequencies in each cluster
First column gives estimated ancestral frequencies


Locus 1 : 
2 alleles
7.3% missing data
   0   (0.730) 0.829 0.675 0.738 0.702 
   1   (0.270) 0.171 0.325 0.262 0.298 

Locus 2 : 
2 alleles
12.2% missing data
   1   (0.175) 0.421 0.037 0.154 0.113 
   0   (0.825) 0.579 0.963 0.846 0.887 

Locus 3 : 
2 alleles
11.0% missing data
   0   (0.343) 0.476 0.196 0.342 0.273 
   1   (0.657) 0.524 0.804 0.658 0.727 

Locus 4 : 
2 alleles
36.6% missing data
   0   (0.836) 0.780 0.944 0.848 0.864 
   1   (0.164) 0.220 0.056 0.152 0.136 

Locus 5 : 
2 alleles
52.4% missing data
   0   (0.904) 0.947 0.919 0.905 0.937 
   1   (0.096) 0.053 0.081 0.095 0.063 

Locus 6 : 
2 alleles
15.9% missing data
   0   (0.893) 0.935 0.978 0.904 0.844 
   1   (0.107) 0.065 0.022 0.096 0.156 

Locus 7 : 
2 alleles
47.6% missing data
   0   (0.838) 0.910 0.762 0.819 0.894 
   1   (0.162) 0.090 0.238 0.181 0.106 

Locus 8 : 
2 alleles
52.4% missing data
   0   (0.821) 0.905 0.681 0.802 0.874 
   1   (0.179) 0.095 0.319 0.198 0.126 

Locus 9 : 
2 alleles
4.9% missing data
   0   (0.896) 0.955 0.889 0.893 0.934 
   1   (0.104) 0.045 0.111 0.107 0.066 

Locus 10 : 
2 alleles
1.2% missing data
   1   (0.741) 0.743 0.759 0.761 0.751 
   0   (0.259) 0.257 0.241 0.239 0.249 

Locus 11 : 
2 alleles
0.0% missing data
   0   (0.895) 0.846 0.913 0.895 0.968 
   1   (0.105) 0.154 0.087 0.105 0.032 

Locus 12 : 
2 alleles
7.3% missing data
   0   (0.949) 0.973 0.972 0.955 0.982 
   1   (0.051) 0.027 0.028 0.045 0.018 

Locus 13 : 
2 alleles
18.3% missing data
   1   (0.907) 0.878 0.958 0.925 0.949 
   0   (0.093) 0.122 0.042 0.075 0.051 

Locus 14 : 
2 alleles
6.1% missing data
   0   (0.930) 0.802 0.994 0.943 0.964 
   1   (0.070) 0.198 0.006 0.057 0.036 

Locus 15 : 
2 alleles
6.1% missing data
   0   (0.930) 0.801 0.994 0.944 0.964 
   1   (0.070) 0.199 0.006 0.056 0.036 

Locus 16 : 
2 alleles
8.5% missing data
   0   (0.940) 0.967 0.901 0.951 0.980 
   1   (0.060) 0.033 0.099 0.049 0.020 

Locus 17 : 
2 alleles
7.3% missing data
   1   (0.742) 0.824 0.638 0.760 0.737 
   0   (0.258) 0.176 0.362 0.240 0.263 

Locus 18 : 
2 alleles
43.9% missing data
   0   (0.858) 0.965 0.961 0.848 0.698 
   1   (0.142) 0.035 0.039 0.152 0.302 

Locus 19 : 
2 alleles
36.6% missing data
   0   (0.811) 0.855 0.919 0.823 0.755 
   1   (0.189) 0.145 0.081 0.177 0.245 

Locus 20 : 
2 alleles
0.0% missing data
   0   (0.797) 0.908 0.709 0.766 0.845 
   1   (0.203) 0.092 0.291 0.234 0.155 

Locus 21 : 
2 alleles
0.0% missing data
   1   (0.850) 0.811 0.914 0.857 0.908 
   0   (0.150) 0.189 0.086 0.143 0.092 

Locus 22 : 
2 alleles
4.9% missing data
   1   (0.895) 0.789 0.939 0.917 0.953 
   0   (0.105) 0.211 0.061 0.083 0.047 

Locus 23 : 
2 alleles
17.1% missing data
   0   (0.942) 0.967 0.951 0.952 0.978 
   1   (0.058) 0.033 0.049 0.048 0.022 

Locus 24 : 
2 alleles
26.8% missing data
   0   (0.941) 0.985 0.994 0.944 0.878 
   1   (0.059) 0.015 0.006 0.056 0.122 

Locus 25 : 
2 alleles
32.9% missing data
   0   (0.680) 0.711 0.823 0.695 0.592 
   1   (0.320) 0.289 0.177 0.305 0.408 

Locus 26 : 
2 alleles
3.7% missing data
   0   (0.851) 0.809 0.950 0.847 0.910 
   1   (0.149) 0.191 0.050 0.153 0.090 

Locus 27 : 
2 alleles
0.0% missing data
   0   (0.884) 0.943 0.878 0.891 0.907 
   1   (0.116) 0.057 0.122 0.109 0.093 

Locus 28 : 
2 alleles
26.8% missing data
   0   (0.884) 0.945 0.768 0.878 0.940 
   1   (0.116) 0.055 0.232 0.122 0.060 

Locus 29 : 
2 alleles
14.6% missing data
   1   (0.437) 0.649 0.284 0.427 0.344 
   0   (0.563) 0.351 0.716 0.573 0.656 

Locus 30 : 
2 alleles
31.7% missing data
   0   (0.882) 0.915 0.986 0.885 0.829 
   1   (0.118) 0.085 0.014 0.115 0.171 

Locus 31 : 
2 alleles
13.4% missing data
   0   (0.891) 0.896 0.990 0.890 0.882 
   1   (0.109) 0.104 0.010 0.110 0.118 

Locus 32 : 
2 alleles
0.0% missing data
   0   (0.864) 0.889 0.874 0.886 0.886 
   1   (0.136) 0.111 0.126 0.114 0.114 

Locus 33 : 
2 alleles
18.3% missing data
   0   (0.901) 0.889 0.813 0.921 0.957 
   1   (0.099) 0.111 0.187 0.079 0.043 

Locus 34 : 
2 alleles
20.7% missing data
   1   (0.826) 0.909 0.958 0.805 0.777 
   0   (0.174) 0.091 0.042 0.195 0.223 

Locus 35 : 
2 alleles
15.9% missing data
   0   (0.663) 0.774 0.777 0.640 0.607 
   1   (0.337) 0.226 0.223 0.360 0.393 

Locus 36 : 
2 alleles
12.2% missing data
   0   (0.932) 0.983 0.884 0.946 0.943 
   1   (0.068) 0.017 0.116 0.054 0.057 

Locus 37 : 
2 alleles
3.7% missing data
   0   (0.798) 0.800 0.663 0.824 0.849 
   1   (0.202) 0.200 0.337 0.176 0.151 

Locus 38 : 
2 alleles
18.3% missing data
   0   (0.911) 0.958 0.962 0.895 0.955 
   1   (0.089) 0.042 0.038 0.105 0.045 

Locus 39 : 
2 alleles
18.3% missing data
   0   (0.818) 0.873 0.972 0.777 0.800 
   1   (0.182) 0.127 0.028 0.223 0.200 

Locus 40 : 
2 alleles
13.4% missing data
   0   (0.776) 0.841 0.753 0.772 0.804 
   1   (0.224) 0.159 0.247 0.228 0.196 

Locus 41 : 
2 alleles
43.9% missing data
   1   (0.073) 0.138 0.011 0.067 0.038 
   0   (0.927) 0.862 0.989 0.933 0.962 

Locus 42 : 
2 alleles
3.7% missing data
   0   (0.945) 0.947 0.969 0.958 0.983 
   1   (0.055) 0.053 0.031 0.042 0.017 

Locus 43 : 
2 alleles
7.3% missing data
   0   (0.852) 0.831 0.729 0.874 0.920 
   1   (0.148) 0.169 0.271 0.126 0.080 

Locus 44 : 
2 alleles
7.3% missing data
   0   (0.955) 0.898 0.996 0.963 0.987 
   1   (0.045) 0.102 0.004 0.037 0.013 

Locus 45 : 
2 alleles
40.2% missing data
   0   (0.725) 0.794 0.856 0.696 0.715 
   1   (0.275) 0.206 0.144 0.304 0.285 

Locus 46 : 
2 alleles
11.0% missing data
   0   (0.904) 0.877 0.991 0.916 0.896 
   1   (0.096) 0.123 0.009 0.084 0.104 

Locus 47 : 
2 alleles
0.0% missing data
   0   (0.860) 0.926 0.860 0.868 0.881 
   1   (0.140) 0.074 0.140 0.132 0.119 

Locus 48 : 
2 alleles
42.7% missing data
   0   (0.957) 0.989 0.994 0.954 0.957 
   1   (0.043) 0.011 0.006 0.046 0.043 

Locus 49 : 
2 alleles
39.0% missing data
   0   (0.896) 0.925 0.987 0.861 0.925 
   1   (0.104) 0.075 0.013 0.139 0.075 

Locus 50 : 
2 alleles
4.9% missing data
   1   (0.344) 0.436 0.137 0.341 0.343 
   0   (0.656) 0.564 0.863 0.659 0.657 

Locus 51 : 
2 alleles
14.6% missing data
   0   (0.610) 0.633 0.625 0.634 0.569 
   1   (0.390) 0.367 0.375 0.366 0.431 

Locus 52 : 
2 alleles
29.3% missing data
   1   (0.290) 0.312 0.399 0.284 0.213 
   0   (0.710) 0.688 0.601 0.716 0.787 

Locus 53 : 
2 alleles
1.2% missing data
   1   (0.789) 0.855 0.907 0.778 0.778 
   0   (0.211) 0.145 0.093 0.222 0.222 

Locus 54 : 
2 alleles
11.0% missing data
   0   (0.919) 0.897 0.983 0.932 0.953 
   1   (0.081) 0.103 0.017 0.068 0.047 

Locus 55 : 
2 alleles
13.4% missing data
   0   (0.757) 0.803 0.632 0.751 0.833 
   1   (0.243) 0.197 0.368 0.249 0.167 

Locus 56 : 
2 alleles
11.0% missing data
   0   (0.839) 0.889 0.987 0.778 0.819 
   1   (0.161) 0.111 0.013 0.222 0.181 

Locus 57 : 
2 alleles
17.1% missing data
   0   (0.719) 0.637 0.626 0.756 0.778 
   1   (0.281) 0.363 0.374 0.244 0.222 

Locus 58 : 
2 alleles
20.7% missing data
   0   (0.791) 0.856 0.697 0.815 0.783 
   1   (0.209) 0.144 0.303 0.185 0.217 

Locus 59 : 
2 alleles
28.0% missing data
   0   (0.855) 0.965 0.202 0.842 0.929 
   1   (0.145) 0.035 0.798 0.158 0.071 

Locus 60 : 
2 alleles
36.6% missing data
   0   (0.356) 0.290 0.373 0.355 0.371 
   1   (0.644) 0.710 0.627 0.645 0.629 

Locus 61 : 
2 alleles
7.3% missing data
   0   (0.866) 0.674 0.977 0.863 0.944 
   1   (0.134) 0.326 0.023 0.137 0.056 

Locus 62 : 
2 alleles
2.4% missing data
   0   (0.842) 0.896 0.928 0.823 0.875 
   1   (0.158) 0.104 0.072 0.177 0.125 

Locus 63 : 
2 alleles
30.5% missing data
   0   (0.926) 0.943 0.908 0.938 0.971 
   1   (0.074) 0.057 0.092 0.062 0.029 

Locus 64 : 
2 alleles
1.2% missing data
   0   (0.776) 0.877 0.798 0.751 0.784 
   1   (0.224) 0.123 0.202 0.249 0.216 

Locus 65 : 
2 alleles
23.2% missing data
   0   (0.747) 0.792 0.856 0.748 0.716 
   1   (0.253) 0.208 0.144 0.252 0.284 

Locus 66 : 
1 alleles
6.1% missing data
   0   (1.000) 1.000 1.000 1.000 1.000 

Locus 67 : 
2 alleles
8.5% missing data
   0   (0.915) 0.961 0.741 0.933 0.956 
   1   (0.085) 0.039 0.259 0.067 0.044 

Locus 68 : 
2 alleles
34.1% missing data
   0   (0.936) 0.966 0.952 0.944 0.972 
   1   (0.064) 0.034 0.048 0.056 0.028 

Locus 69 : 
2 alleles
4.9% missing data
   0   (0.068) 0.135 0.028 0.055 0.019 
   1   (0.932) 0.865 0.972 0.945 0.981 

Locus 70 : 
2 alleles
20.7% missing data
   0   (0.862) 0.864 0.942 0.856 0.910 
   1   (0.138) 0.136 0.058 0.144 0.090 

Locus 71 : 
2 alleles
1.2% missing data
   0   (0.931) 0.965 0.994 0.911 0.956 
   1   (0.069) 0.035 0.006 0.089 0.044 

Locus 72 : 
2 alleles
12.2% missing data
   0   (0.890) 0.931 0.903 0.907 0.910 
   1   (0.110) 0.069 0.097 0.093 0.090 

Locus 73 : 
2 alleles
2.4% missing data
   0   (0.891) 0.942 0.980 0.884 0.859 
   1   (0.109) 0.058 0.020 0.116 0.141 

Locus 74 : 
2 alleles
24.4% missing data
   0   (0.954) 0.989 0.899 0.961 0.981 
   1   (0.046) 0.011 0.101 0.039 0.019 

Locus 75 : 
2 alleles
54.9% missing data
   0   (0.831) 0.919 0.922 0.812 0.809 
   1   (0.169) 0.081 0.078 0.188 0.191 

Locus 76 : 
2 alleles
41.5% missing data
   0   (0.838) 0.902 0.769 0.852 0.850 
   1   (0.162) 0.098 0.231 0.148 0.150 

Locus 77 : 
2 alleles
43.9% missing data
   1   (0.820) 0.773 0.948 0.818 0.846 
   0   (0.180) 0.227 0.052 0.182 0.154 

Locus 78 : 
2 alleles
6.1% missing data
   0   (0.619) 0.782 0.396 0.586 0.651 
   1   (0.381) 0.218 0.604 0.414 0.349 

Locus 79 : 
2 alleles
3.7% missing data
   0   (0.883) 0.936 0.910 0.887 0.912 
   1   (0.117) 0.064 0.090 0.113 0.088 

Locus 80 : 
2 alleles
0.0% missing data
   0   (0.795) 0.857 0.869 0.798 0.769 
   1   (0.205) 0.143 0.131 0.202 0.231 

Locus 81 : 
2 alleles
45.1% missing data
   0   (0.403) 0.472 0.256 0.413 0.372 
   1   (0.597) 0.528 0.744 0.587 0.628 

Locus 82 : 
2 alleles
7.3% missing data
   0   (0.874) 0.955 0.977 0.869 0.774 
   1   (0.126) 0.045 0.023 0.131 0.226 

Locus 83 : 
2 alleles
2.4% missing data
   0   (0.563) 0.593 0.490 0.562 0.587 
   1   (0.437) 0.407 0.510 0.438 0.413 

Locus 84 : 
2 alleles
18.3% missing data
   0   (0.829) 0.910 0.951 0.799 0.813 
   1   (0.171) 0.090 0.049 0.201 0.187 

Locus 85 : 
2 alleles
47.6% missing data
   0   (0.806) 0.800 0.921 0.809 0.818 
   1   (0.194) 0.200 0.079 0.191 0.182 

Locus 86 : 
2 alleles
28.0% missing data
   0   (0.831) 0.919 0.888 0.828 0.792 
   1   (0.169) 0.081 0.112 0.172 0.208 

Locus 87 : 
2 alleles
4.9% missing data
   0   (0.856) 0.870 0.874 0.876 0.883 
   1   (0.144) 0.130 0.126 0.124 0.117 

Locus 88 : 
2 alleles
51.2% missing data
   1   (0.310) 0.192 0.580 0.304 0.294 
   0   (0.690) 0.808 0.420 0.696 0.706 

Locus 89 : 
2 alleles
11.0% missing data
   0   (0.927) 0.971 0.583 0.939 0.974 
   1   (0.073) 0.029 0.417 0.061 0.026 

Locus 90 : 
2 alleles
1.2% missing data
   0   (0.890) 0.933 0.966 0.891 0.906 
   1   (0.110) 0.067 0.034 0.109 0.094 

Locus 91 : 
2 alleles
14.6% missing data
   0   (0.927) 0.860 0.994 0.942 0.947 
   1   (0.073) 0.140 0.006 0.058 0.053 

Locus 92 : 
2 alleles
9.8% missing data
   0   (0.907) 0.917 0.983 0.918 0.911 
   1   (0.093) 0.083 0.017 0.082 0.089 

Locus 93 : 
2 alleles
29.3% missing data
   1   (0.768) 0.876 0.730 0.769 0.735 
   0   (0.232) 0.124 0.270 0.231 0.265 

Locus 94 : 
2 alleles
14.6% missing data
   0   (0.570) 0.497 0.380 0.586 0.678 
   1   (0.430) 0.503 0.620 0.414 0.322 

Locus 95 : 
2 alleles
4.9% missing data
   1   (0.749) 0.809 0.659 0.739 0.811 
   0   (0.251) 0.191 0.341 0.261 0.189 

Locus 96 : 
2 alleles
14.6% missing data
   0   (0.385) 0.388 0.462 0.381 0.324 
   1   (0.615) 0.612 0.538 0.619 0.676 

Locus 97 : 
2 alleles
41.5% missing data
   0   (0.782) 0.928 0.770 0.747 0.736 
   1   (0.218) 0.072 0.230 0.253 0.264 

Locus 98 : 
2 alleles
4.9% missing data
   0   (0.778) 0.773 0.906 0.793 0.759 
   1   (0.222) 0.227 0.094 0.207 0.241 

Locus 99 : 
2 alleles
0.0% missing data
   0   (0.836) 0.784 0.951 0.855 0.849 
   1   (0.164) 0.216 0.049 0.145 0.151 

Locus 100 : 
2 alleles
2.4% missing data
   0   (0.490) 0.600 0.227 0.495 0.510 
   1   (0.510) 0.400 0.773 0.505 0.490 

Locus 101 : 
2 alleles
7.3% missing data
   1   (0.580) 0.682 0.547 0.607 0.461 
   0   (0.420) 0.318 0.453 0.393 0.539 

Locus 102 : 
2 alleles
17.1% missing data
   1   (0.625) 0.585 0.783 0.649 0.582 
   0   (0.375) 0.415 0.217 0.351 0.418 

Locus 103 : 
2 alleles
0.0% missing data
   0   (0.954) 0.873 0.996 0.964 0.987 
   1   (0.046) 0.127 0.004 0.036 0.013 

Locus 104 : 
2 alleles
17.1% missing data
   1   (0.772) 0.776 0.863 0.807 0.713 
   0   (0.228) 0.224 0.137 0.193 0.287 

Locus 105 : 
2 alleles
41.5% missing data
   1   (0.265) 0.349 0.269 0.231 0.220 
   0   (0.735) 0.651 0.731 0.769 0.780 

Locus 106 : 
2 alleles
0.0% missing data
   0   (0.841) 0.669 0.987 0.848 0.860 
   1   (0.159) 0.331 0.013 0.152 0.140 

Locus 107 : 
2 alleles
14.6% missing data
   0   (0.698) 0.842 0.721 0.660 0.675 
   1   (0.302) 0.158 0.279 0.340 0.325 

Locus 108 : 
2 alleles
1.2% missing data
   0   (0.821) 0.918 0.832 0.841 0.739 
   1   (0.179) 0.082 0.168 0.159 0.261 

Locus 109 : 
2 alleles
8.5% missing data
   0   (0.907) 0.772 0.956 0.924 0.969 
   1   (0.093) 0.228 0.044 0.076 0.031 

Locus 110 : 
2 alleles
2.4% missing data
   1   (0.653) 0.707 0.774 0.650 0.595 
   0   (0.347) 0.293 0.226 0.350 0.405 

Locus 111 : 
2 alleles
19.5% missing data
   0   (0.738) 0.781 0.845 0.756 0.682 
   1   (0.262) 0.219 0.155 0.244 0.318 

Locus 112 : 
2 alleles
51.2% missing data
   0   (0.902) 0.841 0.984 0.904 0.934 
   1   (0.098) 0.159 0.016 0.096 0.066 

Locus 113 : 
2 alleles
6.1% missing data
   1   (0.712) 0.782 0.724 0.710 0.714 
   0   (0.288) 0.218 0.276 0.290 0.286 

Locus 114 : 
2 alleles
1.2% missing data
   0   (0.852) 0.845 0.930 0.879 0.838 
   1   (0.148) 0.155 0.070 0.121 0.162 

Locus 115 : 
2 alleles
9.8% missing data
   0   (0.719) 0.663 0.769 0.738 0.757 
   1   (0.281) 0.337 0.231 0.262 0.243 

Locus 116 : 
2 alleles
7.3% missing data
   0   (0.847) 0.848 0.810 0.850 0.915 
   1   (0.153) 0.152 0.190 0.150 0.085 

Locus 117 : 
2 alleles
7.3% missing data
   0   (0.815) 0.801 0.922 0.811 0.856 
   1   (0.185) 0.199 0.078 0.189 0.144 

Locus 118 : 
2 alleles
2.4% missing data
   0   (0.903) 0.938 0.527 0.924 0.962 
   1   (0.097) 0.062 0.473 0.076 0.038 

Locus 119 : 
2 alleles
6.1% missing data
   0   (0.822) 0.896 0.752 0.848 0.796 
   1   (0.178) 0.104 0.248 0.152 0.204 

Locus 120 : 
2 alleles
9.8% missing data
   0   (0.832) 0.884 0.963 0.828 0.791 
   1   (0.168) 0.116 0.037 0.172 0.209 

Locus 121 : 
2 alleles
11.0% missing data
   0   (0.925) 0.930 0.924 0.936 0.975 
   1   (0.075) 0.070 0.076 0.064 0.025 

Locus 122 : 
2 alleles
2.4% missing data
   0   (0.807) 0.841 0.898 0.797 0.814 
   1   (0.193) 0.159 0.102 0.203 0.186 

Locus 123 : 
2 alleles
6.1% missing data
   1   (0.895) 0.897 0.921 0.910 0.942 
   0   (0.105) 0.103 0.079 0.090 0.058 

Locus 124 : 
2 alleles
34.1% missing data
   0   (0.534) 0.634 0.545 0.521 0.486 
   1   (0.466) 0.366 0.455 0.479 0.514 

Locus 125 : 
2 alleles
0.0% missing data
   0   (0.919) 0.921 0.984 0.902 0.968 
   1   (0.081) 0.079 0.016 0.098 0.032 

Locus 126 : 
2 alleles
3.7% missing data
   0   (0.885) 0.967 0.944 0.878 0.856 
   1   (0.115) 0.033 0.056 0.122 0.144 

Locus 127 : 
2 alleles
11.0% missing data
   0   (0.576) 0.469 0.633 0.571 0.664 
   1   (0.424) 0.531 0.367 0.429 0.336 

Locus 128 : 
2 alleles
56.1% missing data
   0   (0.625) 0.702 0.629 0.623 0.595 
   1   (0.375) 0.298 0.371 0.377 0.405 

Locus 129 : 
2 alleles
12.2% missing data
   1   (0.339) 0.350 0.181 0.360 0.321 
   0   (0.661) 0.650 0.819 0.640 0.679 

Locus 130 : 
2 alleles
12.2% missing data
   0   (0.813) 0.853 0.906 0.821 0.803 
   1   (0.187) 0.147 0.094 0.179 0.197 

Locus 131 : 
2 alleles
18.3% missing data
   0   (0.941) 0.951 0.995 0.945 0.955 
   1   (0.059) 0.049 0.005 0.055 0.045 

Locus 132 : 
2 alleles
0.0% missing data
   0   (0.789) 0.878 0.856 0.808 0.706 
   1   (0.211) 0.122 0.144 0.192 0.294 

Locus 133 : 
2 alleles
12.2% missing data
   0   (0.628) 0.680 0.625 0.595 0.686 
   1   (0.372) 0.320 0.375 0.405 0.314 

Locus 134 : 
2 alleles
28.0% missing data
   0   (0.788) 0.891 0.703 0.799 0.770 
   1   (0.212) 0.109 0.297 0.201 0.230 

Locus 135 : 
2 alleles
1.2% missing data
   0   (0.806) 0.877 0.804 0.827 0.770 
   1   (0.194) 0.123 0.196 0.173 0.230 

Locus 136 : 
2 alleles
1.2% missing data
   0   (0.864) 0.839 0.882 0.887 0.913 
   1   (0.136) 0.161 0.118 0.113 0.087 

Locus 137 : 
2 alleles
0.0% missing data
   0   (0.382) 0.297 0.542 0.358 0.422 
   1   (0.618) 0.703 0.458 0.642 0.578 

Locus 138 : 
2 alleles
34.1% missing data
   0   (0.815) 0.917 0.812 0.821 0.771 
   1   (0.185) 0.083 0.188 0.179 0.229 

Locus 139 : 
2 alleles
1.2% missing data
   0   (0.957) 0.887 0.997 0.967 0.988 
   1   (0.043) 0.113 0.003 0.033 0.012 

Locus 140 : 
2 alleles
9.8% missing data
   0   (0.871) 0.888 0.937 0.887 0.883 
   1   (0.129) 0.112 0.063 0.113 0.117 

Locus 141 : 
2 alleles
11.0% missing data
   0   (0.792) 0.781 0.730 0.799 0.865 
   1   (0.208) 0.219 0.270 0.201 0.135 

Locus 142 : 
2 alleles
6.1% missing data
   0   (0.268) 0.351 0.470 0.241 0.158 
   1   (0.732) 0.649 0.530 0.759 0.842 

Locus 143 : 
2 alleles
13.4% missing data
   0   (0.819) 0.824 0.937 0.802 0.867 
   1   (0.181) 0.176 0.063 0.198 0.133 

Locus 144 : 
2 alleles
1.2% missing data
   0   (0.829) 0.956 0.924 0.825 0.664 
   1   (0.171) 0.044 0.076 0.175 0.336 

Locus 145 : 
2 alleles
0.0% missing data
   0   (0.897) 0.805 0.992 0.911 0.908 
   1   (0.103) 0.195 0.008 0.089 0.092 

Locus 146 : 
2 alleles
2.4% missing data
   1   (0.632) 0.660 0.551 0.666 0.613 
   0   (0.368) 0.340 0.449 0.334 0.387 

Locus 147 : 
2 alleles
0.0% missing data
   0   (0.764) 0.627 0.819 0.788 0.837 
   1   (0.236) 0.373 0.181 0.212 0.163 

Locus 148 : 
2 alleles
4.9% missing data
   1   (0.147) 0.287 0.041 0.135 0.086 
   0   (0.853) 0.713 0.959 0.865 0.914 

Locus 149 : 
2 alleles
2.4% missing data
   0   (0.418) 0.389 0.186 0.423 0.504 
   1   (0.582) 0.611 0.814 0.577 0.496 

Locus 150 : 
2 alleles
28.0% missing data
   0   (0.833) 0.924 0.652 0.860 0.817 
   1   (0.167) 0.076 0.348 0.140 0.183 

Locus 151 : 
2 alleles
32.9% missing data
   0   (0.434) 0.304 0.386 0.440 0.535 
   1   (0.566) 0.696 0.614 0.560 0.465 

Locus 152 : 
2 alleles
12.2% missing data
   0   (0.833) 0.866 0.963 0.823 0.820 
   1   (0.167) 0.134 0.037 0.177 0.180 

Locus 153 : 
2 alleles
6.1% missing data
   0   (0.906) 0.956 0.992 0.888 0.895 
   1   (0.094) 0.044 0.008 0.112 0.105 

Locus 154 : 
2 alleles
0.0% missing data
   0   (0.938) 0.891 0.995 0.946 0.968 
   1   (0.062) 0.109 0.005 0.054 0.032 

Locus 155 : 
2 alleles
1.2% missing data
   0   (0.761) 0.712 0.897 0.779 0.759 
   1   (0.239) 0.288 0.103 0.221 0.241 

Locus 156 : 
2 alleles
15.9% missing data
   0   (0.938) 0.952 0.945 0.947 0.980 
   1   (0.062) 0.048 0.055 0.053 0.020 

Locus 157 : 
2 alleles
36.6% missing data
   1   (0.852) 0.963 0.791 0.860 0.777 
   0   (0.148) 0.037 0.209 0.140 0.223 

Locus 158 : 
2 alleles
13.4% missing data
   0   (0.774) 0.856 0.586 0.763 0.841 
   1   (0.226) 0.144 0.414 0.237 0.159 

Locus 159 : 
2 alleles
7.3% missing data
   0   (0.894) 0.901 0.859 0.893 0.959 
   1   (0.106) 0.099 0.141 0.107 0.041 

Locus 160 : 
2 alleles
3.7% missing data
   0   (0.859) 0.953 0.779 0.868 0.826 
   1   (0.141) 0.047 0.221 0.132 0.174 

Locus 161 : 
2 alleles
4.9% missing data
   0   (0.834) 0.855 0.868 0.846 0.865 
   1   (0.166) 0.145 0.132 0.154 0.135 

Locus 162 : 
2 alleles
1.2% missing data
   0   (0.058) 0.057 0.005 0.046 0.047 
   1   (0.942) 0.943 0.995 0.954 0.953 

Locus 163 : 
2 alleles
30.5% missing data
   0   (0.221) 0.225 0.212 0.203 0.188 
   1   (0.779) 0.775 0.788 0.797 0.812 

Locus 164 : 
2 alleles
13.4% missing data
   0   (0.958) 0.932 0.996 0.968 0.985 
   1   (0.042) 0.068 0.004 0.032 0.015 

Locus 165 : 
2 alleles
14.6% missing data
   0   (0.873) 0.874 0.903 0.885 0.920 
   1   (0.127) 0.126 0.097 0.115 0.080 

Locus 166 : 
2 alleles
28.0% missing data
   1   (0.685) 0.796 0.583 0.702 0.624 
   0   (0.315) 0.204 0.417 0.298 0.376 

Locus 167 : 
2 alleles
28.0% missing data
   0   (0.904) 0.927 0.950 0.913 0.937 
   1   (0.096) 0.073 0.050 0.087 0.063 

Locus 168 : 
2 alleles
2.4% missing data
   0   (0.862) 0.852 0.936 0.879 0.881 
   1   (0.138) 0.148 0.064 0.121 0.119 

Locus 169 : 
2 alleles
0.0% missing data
   1   (0.596) 0.719 0.596 0.596 0.508 
   0   (0.404) 0.281 0.404 0.404 0.492 

Locus 170 : 
2 alleles
29.3% missing data
   0   (0.800) 0.885 0.944 0.807 0.669 
   1   (0.200) 0.115 0.056 0.193 0.331 

Locus 171 : 
2 alleles
6.1% missing data
   0   (0.916) 0.940 0.968 0.929 0.937 
   1   (0.084) 0.060 0.032 0.071 0.063 

Locus 172 : 
2 alleles
14.6% missing data
   0   (0.902) 0.920 0.620 0.921 0.965 
   1   (0.098) 0.080 0.380 0.079 0.035 

Locus 173 : 
2 alleles
11.0% missing data
   0   (0.801) 0.842 0.917 0.811 0.763 
   1   (0.199) 0.158 0.083 0.189 0.237 

Locus 174 : 
2 alleles
2.4% missing data
   0   (0.824) 0.874 0.913 0.823 0.825 
   1   (0.176) 0.126 0.087 0.177 0.175 

Locus 175 : 
2 alleles
3.7% missing data
   0   (0.893) 0.855 0.932 0.908 0.949 
   1   (0.107) 0.145 0.068 0.092 0.051 

Locus 176 : 
2 alleles
6.1% missing data
   0   (0.782) 0.783 0.756 0.785 0.840 
   1   (0.218) 0.217 0.244 0.215 0.160 

Locus 177 : 
2 alleles
19.5% missing data
   0   (0.622) 0.732 0.240 0.609 0.723 
   1   (0.378) 0.268 0.760 0.391 0.277 

Locus 178 : 
2 alleles
6.1% missing data
   1   (0.863) 0.933 0.936 0.879 0.797 
   0   (0.137) 0.067 0.064 0.121 0.203 

Locus 179 : 
2 alleles
1.2% missing data
   0   (0.771) 0.833 0.908 0.766 0.709 
   1   (0.229) 0.167 0.092 0.234 0.291 

Locus 180 : 
2 alleles
2.4% missing data
   1   (0.910) 0.949 0.982 0.886 0.947 
   0   (0.090) 0.051 0.018 0.114 0.053 

Locus 181 : 
2 alleles
1.2% missing data
   0   (0.505) 0.519 0.515 0.494 0.509 
   1   (0.495) 0.481 0.485 0.506 0.491 

Locus 182 : 
2 alleles
14.6% missing data
   0   (0.618) 0.795 0.526 0.598 0.565 
   1   (0.382) 0.205 0.474 0.402 0.435 

Locus 183 : 
2 alleles
18.3% missing data
   0   (0.618) 0.424 0.074 0.678 0.853 
   1   (0.382) 0.576 0.926 0.322 0.147 

Locus 184 : 
2 alleles
42.7% missing data
   1   (0.117) 0.162 0.015 0.116 0.101 
   0   (0.883) 0.838 0.985 0.884 0.899 

Locus 185 : 
2 alleles
3.7% missing data
   0   (0.928) 0.981 0.941 0.937 0.935 
   1   (0.072) 0.019 0.059 0.063 0.065 

Locus 186 : 
2 alleles
1.2% missing data
   0   (0.939) 0.947 0.995 0.946 0.954 
   1   (0.061) 0.053 0.005 0.054 0.046 

Locus 187 : 
2 alleles
4.9% missing data
   0   (0.920) 0.923 0.993 0.918 0.937 
   1   (0.080) 0.077 0.007 0.082 0.063 

Locus 188 : 
2 alleles
3.7% missing data
   1   (0.879) 0.969 0.927 0.871 0.831 
   0   (0.121) 0.031 0.073 0.129 0.169 

Locus 189 : 
2 alleles
35.4% missing data
   1   (0.679) 0.592 0.783 0.679 0.736 
   0   (0.321) 0.408 0.217 0.321 0.264 

Locus 190 : 
2 alleles
54.9% missing data
   1   (0.198) 0.198 0.145 0.198 0.160 
   0   (0.802) 0.802 0.855 0.802 0.840 

Locus 191 : 
2 alleles
1.2% missing data
   0   (0.920) 0.896 0.927 0.928 0.977 
   1   (0.080) 0.104 0.073 0.072 0.023 

Locus 192 : 
2 alleles
6.1% missing data
   0   (0.838) 0.857 0.898 0.828 0.891 
   1   (0.162) 0.143 0.102 0.172 0.109 

Locus 193 : 
2 alleles
3.7% missing data
   0   (0.930) 0.983 0.883 0.939 0.952 
   1   (0.070) 0.017 0.117 0.061 0.048 

Locus 194 : 
2 alleles
1.2% missing data
   1   (0.832) 0.842 0.861 0.826 0.895 
   0   (0.168) 0.158 0.139 0.174 0.105 

Locus 195 : 
2 alleles
1.2% missing data
   0   (0.947) 0.987 0.944 0.944 0.979 
   1   (0.053) 0.013 0.056 0.056 0.021 

Locus 196 : 
2 alleles
1.2% missing data
   0   (0.898) 0.917 0.890 0.891 0.960 
   1   (0.102) 0.083 0.110 0.109 0.040 

Locus 197 : 
2 alleles
28.0% missing data
   0   (0.754) 0.876 0.669 0.765 0.695 
   1   (0.246) 0.124 0.331 0.235 0.305 

Locus 198 : 
2 alleles
1.2% missing data
   0   (0.879) 0.932 0.838 0.888 0.908 
   1   (0.121) 0.068 0.162 0.112 0.092 

Locus 199 : 
2 alleles
8.5% missing data
   0   (0.891) 0.956 0.877 0.900 0.905 
   1   (0.109) 0.044 0.123 0.100 0.095 

Locus 200 : 
2 alleles
0.0% missing data
   0   (0.862) 0.809 0.952 0.884 0.886 
   1   (0.138) 0.191 0.048 0.116 0.114 

Locus 201 : 
2 alleles
2.4% missing data
   0   (0.776) 0.738 0.680 0.785 0.868 
   1   (0.224) 0.262 0.320 0.215 0.132 

Locus 202 : 
2 alleles
2.4% missing data
   0   (0.954) 0.865 0.996 0.965 0.987 
   1   (0.046) 0.135 0.004 0.035 0.013 

Locus 203 : 
2 alleles
13.4% missing data
   0   (0.906) 0.928 0.902 0.921 0.946 
   1   (0.094) 0.072 0.098 0.079 0.054 

Locus 204 : 
2 alleles
12.2% missing data
   0   (0.925) 0.963 0.993 0.939 0.863 
   1   (0.075) 0.037 0.007 0.061 0.137 

Locus 205 : 
2 alleles
19.5% missing data
   0   (0.873) 0.962 0.816 0.859 0.893 
   1   (0.127) 0.038 0.184 0.141 0.107 

Locus 206 : 
2 alleles
30.5% missing data
   0   (0.937) 0.965 0.938 0.948 0.971 
   1   (0.063) 0.035 0.062 0.052 0.029 

Locus 207 : 
2 alleles
1.2% missing data
   0   (0.960) 0.990 0.816 0.969 0.988 
   1   (0.040) 0.010 0.184 0.031 0.012 

Locus 208 : 
2 alleles
0.0% missing data
   0   (0.904) 0.843 0.992 0.902 0.940 
   1   (0.096) 0.157 0.008 0.098 0.060 

Locus 209 : 
2 alleles
13.4% missing data
   1   (0.615) 0.553 0.737 0.646 0.567 
   0   (0.385) 0.447 0.263 0.354 0.433 

Locus 210 : 
2 alleles
17.1% missing data
   0   (0.928) 0.982 0.914 0.939 0.936 
   1   (0.072) 0.018 0.086 0.061 0.064 

Locus 211 : 
2 alleles
18.3% missing data
   0   (0.859) 0.939 0.807 0.851 0.879 
   1   (0.141) 0.061 0.193 0.149 0.121 

Locus 212 : 
2 alleles
4.9% missing data
   0   (0.847) 0.925 0.924 0.830 0.861 
   1   (0.153) 0.075 0.076 0.170 0.139 

Locus 213 : 
2 alleles
0.0% missing data
   0   (0.925) 0.922 0.994 0.925 0.941 
   1   (0.075) 0.078 0.006 0.075 0.059 

Locus 214 : 
2 alleles
4.9% missing data
   0   (0.960) 0.990 0.888 0.969 0.989 
   1   (0.040) 0.010 0.112 0.031 0.011 

Locus 215 : 
2 alleles
3.7% missing data
   1   (0.796) 0.726 0.779 0.803 0.890 
   0   (0.204) 0.274 0.221 0.197 0.110 

Locus 216 : 
2 alleles
28.0% missing data
   0   (0.835) 0.750 0.983 0.824 0.846 
   1   (0.165) 0.250 0.017 0.176 0.154 

Locus 217 : 
2 alleles
37.8% missing data
   0   (0.956) 0.970 0.995 0.961 0.974 
   1   (0.044) 0.030 0.005 0.039 0.026 

Locus 218 : 
2 alleles
43.9% missing data
   0   (0.919) 0.921 0.966 0.929 0.954 
   1   (0.081) 0.079 0.034 0.071 0.046 

Locus 219 : 
2 alleles
29.3% missing data
   0   (0.477) 0.447 0.354 0.467 0.567 
   1   (0.523) 0.553 0.646 0.533 0.433 

Locus 220 : 
2 alleles
35.4% missing data
   0   (0.542) 0.681 0.691 0.517 0.430 
   1   (0.458) 0.319 0.309 0.483 0.570 

Locus 221 : 
2 alleles
17.1% missing data
   1   (0.546) 0.587 0.396 0.555 0.563 
   0   (0.454) 0.413 0.604 0.445 0.437 

Locus 222 : 
2 alleles
32.9% missing data
   0   (0.826) 0.890 0.597 0.830 0.884 
   1   (0.174) 0.110 0.403 0.170 0.116 

Locus 223 : 
2 alleles
3.7% missing data
   0   (0.894) 0.939 0.953 0.907 0.900 
   1   (0.106) 0.061 0.047 0.093 0.100 

Locus 224 : 
2 alleles
6.1% missing data
   1   (0.878) 0.966 0.878 0.876 0.861 
   0   (0.122) 0.034 0.122 0.124 0.139 

Locus 225 : 
2 alleles
0.0% missing data
   0   (0.896) 0.860 0.983 0.912 0.901 
   1   (0.104) 0.140 0.017 0.088 0.099 

Locus 226 : 
2 alleles
12.2% missing data
   0   (0.885) 0.880 0.981 0.899 0.865 
   1   (0.115) 0.120 0.019 0.101 0.135 

Locus 227 : 
2 alleles
39.0% missing data
   1   (0.525) 0.535 0.438 0.529 0.551 
   0   (0.475) 0.465 0.562 0.471 0.449 

Locus 228 : 
2 alleles
4.9% missing data
   0   (0.939) 0.984 0.625 0.951 0.974 
   1   (0.061) 0.016 0.375 0.049 0.026 

Locus 229 : 
2 alleles
7.3% missing data
   0   (0.952) 0.916 0.996 0.958 0.984 
   1   (0.048) 0.084 0.004 0.042 0.016 

Locus 230 : 
2 alleles
63.4% missing data
   0   (0.830) 0.879 0.864 0.844 0.823 
   1   (0.170) 0.121 0.136 0.156 0.177 

Locus 231 : 
2 alleles
12.2% missing data
   0   (0.523) 0.614 0.458 0.520 0.491 
   1   (0.477) 0.386 0.542 0.480 0.509 

Locus 232 : 
2 alleles
4.9% missing data
   1   (0.584) 0.636 0.636 0.569 0.587 
   0   (0.416) 0.364 0.364 0.431 0.413 

Locus 233 : 
2 alleles
61.0% missing data
   0   (0.805) 0.894 0.825 0.796 0.802 
   1   (0.195) 0.106 0.175 0.204 0.198 

Locus 234 : 
2 alleles
14.6% missing data
   0   (0.527) 0.580 0.536 0.509 0.520 
   1   (0.473) 0.420 0.464 0.491 0.480 

Locus 235 : 
2 alleles
6.1% missing data
   0   (0.912) 0.938 0.856 0.925 0.961 
   1   (0.088) 0.062 0.144 0.075 0.039 

Locus 236 : 
2 alleles
11.0% missing data
   1   (0.693) 0.877 0.720 0.649 0.621 
   0   (0.307) 0.123 0.280 0.351 0.379 

Locus 237 : 
2 alleles
35.4% missing data
   0   (0.944) 0.986 0.826 0.951 0.975 
   1   (0.056) 0.014 0.174 0.049 0.025 

Locus 238 : 
2 alleles
12.2% missing data
   0   (0.210) 0.345 0.136 0.180 0.157 
   1   (0.790) 0.655 0.864 0.820 0.843 

Locus 239 : 
2 alleles
23.2% missing data
   0   (0.884) 0.952 0.906 0.887 0.880 
   1   (0.116) 0.048 0.094 0.113 0.120 

Locus 240 : 
2 alleles
31.7% missing data
   0   (0.782) 0.900 0.651 0.800 0.737 
   1   (0.218) 0.100 0.349 0.200 0.263 

Locus 241 : 
2 alleles
18.3% missing data
   0   (0.881) 0.856 0.974 0.898 0.889 
   1   (0.119) 0.144 0.026 0.102 0.111 

Locus 242 : 
2 alleles
1.2% missing data
   0   (0.806) 0.817 0.910 0.809 0.820 
   1   (0.194) 0.183 0.090 0.191 0.180 

Locus 243 : 
2 alleles
17.1% missing data
   0   (0.487) 0.489 0.671 0.484 0.419 
   1   (0.513) 0.511 0.329 0.516 0.581 

Locus 244 : 
2 alleles
28.0% missing data
   0   (0.899) 0.955 0.972 0.892 0.902 
   1   (0.101) 0.045 0.028 0.108 0.098 

Locus 245 : 
2 alleles
9.8% missing data
   0   (0.899) 0.909 0.992 0.909 0.845 
   1   (0.101) 0.091 0.008 0.091 0.155 

Locus 246 : 
2 alleles
58.5% missing data
   0   (0.912) 0.940 0.975 0.906 0.928 
   1   (0.088) 0.060 0.025 0.094 0.072 

Locus 247 : 
2 alleles
41.5% missing data
   0   (0.770) 0.831 0.849 0.768 0.744 
   1   (0.230) 0.169 0.151 0.232 0.256 

Locus 248 : 
2 alleles
2.4% missing data
   0   (0.940) 0.985 0.983 0.938 0.941 
   1   (0.060) 0.015 0.017 0.062 0.059 

Locus 249 : 
2 alleles
20.7% missing data
   0   (0.907) 0.977 0.848 0.901 0.932 
   1   (0.093) 0.023 0.152 0.099 0.068 

Locus 250 : 
2 alleles
7.3% missing data
   0   (0.769) 0.687 0.898 0.780 0.798 
   1   (0.231) 0.313 0.102 0.220 0.202 

Locus 251 : 
2 alleles
47.6% missing data
   1   (0.265) 0.442 0.048 0.268 0.252 
   0   (0.735) 0.558 0.952 0.732 0.748 

Locus 252 : 
2 alleles
50.0% missing data
   0   (0.744) 0.830 0.752 0.745 0.720 
   1   (0.256) 0.170 0.248 0.255 0.280 

Locus 253 : 
2 alleles
26.8% missing data
   1   (0.119) 0.201 0.058 0.113 0.055 
   0   (0.881) 0.799 0.942 0.887 0.945 

Locus 254 : 
2 alleles
2.4% missing data
   0   (0.762) 0.765 0.569 0.798 0.803 
   1   (0.238) 0.235 0.431 0.202 0.197 

Locus 255 : 
2 alleles
4.9% missing data
   1   (0.578) 0.622 0.769 0.552 0.537 
   0   (0.422) 0.378 0.231 0.448 0.463 

Locus 256 : 
2 alleles
0.0% missing data
   1   (0.880) 0.897 0.957 0.883 0.910 
   0   (0.120) 0.103 0.043 0.117 0.090 

Locus 257 : 
2 alleles
24.4% missing data
   0   (0.949) 0.970 0.980 0.958 0.976 
   1   (0.051) 0.030 0.020 0.042 0.024 

Locus 258 : 
2 alleles
15.9% missing data
   0   (0.886) 0.896 0.989 0.879 0.881 
   1   (0.114) 0.104 0.011 0.121 0.119 

Locus 259 : 
2 alleles
0.0% missing data
   0   (0.929) 0.964 0.904 0.926 0.978 
   1   (0.071) 0.036 0.096 0.074 0.022 

Locus 260 : 
2 alleles
39.0% missing data
   0   (0.759) 0.690 0.833 0.770 0.806 
   1   (0.241) 0.310 0.167 0.230 0.194 

Locus 261 : 
2 alleles
53.7% missing data
   0   (0.914) 0.880 0.985 0.919 0.936 
   1   (0.086) 0.120 0.015 0.081 0.064 

Locus 262 : 
2 alleles
37.8% missing data
   0   (0.881) 0.893 0.858 0.894 0.928 
   1   (0.119) 0.107 0.142 0.106 0.072 

Locus 263 : 
2 alleles
8.5% missing data
   0   (0.695) 0.542 0.677 0.719 0.782 
   1   (0.305) 0.458 0.323 0.281 0.218 

Locus 264 : 
2 alleles
45.1% missing data
   0   (0.279) 0.287 0.184 0.265 0.296 
   1   (0.721) 0.713 0.816 0.735 0.704 

Locus 265 : 
2 alleles
8.5% missing data
   0   (0.871) 0.921 0.969 0.868 0.855 
   1   (0.129) 0.079 0.031 0.132 0.145 

Locus 266 : 
2 alleles
15.9% missing data
   0   (0.904) 0.781 0.990 0.919 0.937 
   1   (0.096) 0.219 0.010 0.081 0.063 

Locus 267 : 
2 alleles
0.0% missing data
   0   (0.392) 0.405 0.296 0.425 0.317 
   1   (0.608) 0.595 0.704 0.575 0.683 

Locus 268 : 
2 alleles
3.7% missing data
   0   (0.586) 0.644 0.621 0.597 0.519 
   1   (0.414) 0.356 0.379 0.403 0.481 

Locus 269 : 
2 alleles
31.7% missing data
   0   (0.450) 0.443 0.588 0.452 0.396 
   1   (0.550) 0.557 0.412 0.548 0.604 

Locus 270 : 
2 alleles
1.2% missing data
   0   (0.644) 0.715 0.614 0.629 0.643 
   1   (0.356) 0.285 0.386 0.371 0.357 

Locus 271 : 
2 alleles
3.7% missing data
   0   (0.881) 0.966 0.641 0.892 0.898 
   1   (0.119) 0.034 0.359 0.108 0.102 

Locus 272 : 
2 alleles
14.6% missing data
   0   (0.911) 0.939 0.957 0.913 0.948 
   1   (0.089) 0.061 0.043 0.087 0.052 

Locus 273 : 
2 alleles
61.0% missing data
   0   (0.914) 0.979 0.752 0.922 0.926 
   1   (0.086) 0.021 0.248 0.078 0.074 

Locus 274 : 
2 alleles
6.1% missing data
   0   (0.932) 0.965 0.939 0.946 0.960 
   1   (0.068) 0.035 0.061 0.054 0.040 

Locus 275 : 
2 alleles
58.5% missing data
   0   (0.844) 0.924 0.670 0.848 0.875 
   1   (0.156) 0.076 0.330 0.152 0.125 

Locus 276 : 
2 alleles
2.4% missing data
   0   (0.822) 0.831 0.951 0.816 0.829 
   1   (0.178) 0.169 0.049 0.184 0.171 

Locus 277 : 
2 alleles
4.9% missing data
   0   (0.908) 0.899 0.924 0.913 0.968 
   1   (0.092) 0.101 0.076 0.087 0.032 

Locus 278 : 
2 alleles
32.9% missing data
   1   (0.741) 0.787 0.826 0.732 0.746 
   0   (0.259) 0.213 0.174 0.268 0.254 

Locus 279 : 
2 alleles
15.9% missing data
   0   (0.912) 0.960 0.603 0.915 0.965 
   1   (0.088) 0.040 0.397 0.085 0.035 

Locus 280 : 
2 alleles
2.4% missing data
   0   (0.904) 0.854 0.992 0.912 0.916 
   1   (0.096) 0.146 0.008 0.088 0.084 

Locus 281 : 
2 alleles
0.0% missing data
   0   (0.800) 0.745 0.976 0.783 0.799 
   1   (0.200) 0.255 0.024 0.217 0.201 

Locus 282 : 
2 alleles
9.8% missing data
   0   (0.786) 0.879 0.626 0.801 0.778 
   1   (0.214) 0.121 0.374 0.199 0.222 

Locus 283 : 
2 alleles
1.2% missing data
   0   (0.862) 0.906 0.925 0.876 0.857 
   1   (0.138) 0.094 0.075 0.124 0.143 

Locus 284 : 
2 alleles
1.2% missing data
   0   (0.857) 0.892 0.779 0.867 0.910 
   1   (0.143) 0.108 0.221 0.133 0.090 

Locus 285 : 
2 alleles
1.2% missing data
   0   (0.697) 0.788 0.880 0.680 0.591 
   1   (0.303) 0.212 0.120 0.320 0.409 

Locus 286 : 
2 alleles
11.0% missing data
   0   (0.921) 0.935 0.934 0.938 0.961 
   1   (0.079) 0.065 0.066 0.062 0.039 

Locus 287 : 
2 alleles
3.7% missing data
   0   (0.874) 0.929 0.940 0.867 0.900 
   1   (0.126) 0.071 0.060 0.133 0.100 

Locus 288 : 
2 alleles
6.1% missing data
   0   (0.106) 0.200 0.020 0.105 0.047 
   1   (0.894) 0.800 0.980 0.895 0.953 

Locus 289 : 
2 alleles
8.5% missing data
   0   (0.758) 0.769 0.810 0.755 0.798 
   1   (0.242) 0.231 0.190 0.245 0.202 

Locus 290 : 
2 alleles
12.2% missing data
   0   (0.364) 0.480 0.296 0.350 0.306 
   1   (0.636) 0.520 0.704 0.650 0.694 

Locus 291 : 
2 alleles
35.4% missing data
   0   (0.778) 0.871 0.693 0.781 0.774 
   1   (0.222) 0.129 0.307 0.219 0.226 

Locus 292 : 
2 alleles
12.2% missing data
   0   (0.869) 0.892 0.893 0.887 0.895 
   1   (0.131) 0.108 0.107 0.113 0.105 

Locus 293 : 
2 alleles
20.7% missing data
   0   (0.839) 0.921 0.874 0.862 0.768 
   1   (0.161) 0.079 0.126 0.138 0.232 

Locus 294 : 
2 alleles
36.6% missing data
   1   (0.420) 0.815 0.137 0.401 0.250 
   0   (0.580) 0.185 0.863 0.599 0.750 

Locus 295 : 
2 alleles
11.0% missing data
   0   (0.812) 0.779 0.728 0.842 0.865 
   1   (0.188) 0.221 0.272 0.158 0.135 

Locus 296 : 
2 alleles
9.8% missing data
   0   (0.939) 0.981 0.610 0.948 0.980 
   1   (0.061) 0.019 0.390 0.052 0.020 

Locus 297 : 
2 alleles
11.0% missing data
   0   (0.873) 0.928 0.817 0.859 0.931 
   1   (0.127) 0.072 0.183 0.141 0.069 

Locus 298 : 
2 alleles
22.0% missing data
   0   (0.764) 0.803 0.874 0.738 0.795 
   1   (0.236) 0.197 0.126 0.262 0.205 

Locus 299 : 
2 alleles
3.7% missing data
   0   (0.211) 0.144 0.083 0.209 0.284 
   1   (0.789) 0.856 0.917 0.791 0.716 

Locus 300 : 
2 alleles
22.0% missing data
   1   (0.350) 0.312 0.612 0.381 0.216 
   0   (0.650) 0.688 0.388 0.619 0.784 

Values of parameters used in structure:
DATAFILE=/Users/Amy 1/Desktop/Population_Genetics/Lab/R/Lab_8/Lab8/project_data,	OUTFILE=/Users/Amy 1/Desktop/Population_Genetics/Lab/R/Lab_8/Lab8/Set_One/Results/Set_One_run_12,	NUMINDS=82,	NUMLOCI=300,	MISSING=-9,	LABEL=1,	POPDATA=1,	POPFLAG=0,	PHENOTYPE=0,	EXTRACOLS=0,	MAXPOPS=4,	BURNIN=5000,	NUMREPS=10000,	USEPOPINFO=0,	INFERALPHA=1,	INFERLAMBDA=0,	POPSPECIFICLAMBDA=0,	POPALPHAS=0,	COMPUTEPROB=1,	NOADMIX=0,	ADMBURNIN=2500,	UPDATEFREQ=1,	PRINTLIKES=0,	INTERMEDSAVE=0,	PRINTKLD=0,	PRINTNET=0,	PRINTLAMBDA=0,	ANCESTDIST=0,	NUMBOXES=1000,	ANCESTPINT=0.90000,	GENSBACK=2,	MIGRPRIOR=0.05000,	PRINTQHAT=0,	PRINTQSUM=0,	ALPHA=1.0000,	FREQSCORR=1,	FPRIORMEAN=0.0100,	FPRIORSD=0.0500,	ONEFST=0,	LAMBDA=1.0000,	UNIFPRIORALPHA=1,	ALPHAMAX=10.0000,	ALPHAPRIORA=1.0000,	ALPHAPRIORB=2.0000,	ALPHAPROPSD=0.0250,	STARTATPOPINFO=0,	RANDOMIZE=1,	LINKAGE=0,	METROFREQ=10,	REPORTHITRATE=0,	MARKOVPHASE=-1,	PHASED=0,	PLOIDY=2,	PHASEINFO=0	LOCPRIOR=0, 	LOCPRIORINIT=1.000000, 	LOCDATA=0, 	LOCISPOP=0, 	LOCPRIORSTEP=0.100000, 	MAXLOCPRIOR=20.000000, 	SEED=1571413074,	
[STRAT parameters]:    NUMSIMSTATS=1000,	PHENOTYPECOL=-9,	POOLFREQ=10,	LOCUSxONLY=0,	EMERROR=0.00100,	MISSINGPHENO=-9,	