

----------------------------------------------------
STRUCTURE by Pritchard, Stephens and Donnelly (2000)
     and Falush, Stephens and Pritchard (2003)
       Code by Pritchard, Falush and Hubisz
             Version 2.3.4 (Jul 2012)
----------------------------------------------------



Command line arguments:   bin/structure -m "/Users/Amy 1/Desktop/Population_Genetics/Lab/R/Lab_8/Lab8/Set_One/mainparams" -e "/Users/Amy 1/Desktop/Population_Genetics/Lab/R/Lab_8/Lab8/Set_One/extraparams" 
Input File:    /Users/Amy 1/Desktop/Population_Genetics/Lab/R/Lab_8/Lab8/project_data

Run parameters:
   82 individuals
   300 loci
   4 populations assumed
   5000 Burn-in period
   10000 Reps


--------------------------------------------
Proportion of membership of each pre-defined
 population in each of the 4 clusters

Given    Inferred Clusters              Number of
 Pop       1      2      3      4      Individuals

  1:     0.013  0.138  0.015  0.834       26
  2:     0.976  0.009  0.007  0.008       36
  3:     0.011  0.074  0.903  0.012       20
--------------------------------------------

Allele-freq. divergence among pops (Net nucleotide distance),
computed using point estimates of P.

      1       2       3       4      
 1      -    0.0164  0.0243  0.0207  
 2   0.0164     -    0.0072  0.0041  
 3   0.0243  0.0072     -    0.0121  
 4   0.0207  0.0041  0.0121     -    

Average distances (expected heterozygosity) between individuals in same cluster:
cluster  1  : 0.2309 
cluster  2  : 0.2616 
cluster  3  : 0.2457 
cluster  4  : 0.2519 

--------------------------------------------
Estimated Ln Prob of Data   = -15800.9
Mean value of ln likelihood = -15358.1
Variance of ln likelihood   = 885.4
Mean value of alpha         = 0.0337

Mean value of Fst_1         = 0.1400
Mean value of Fst_2         = 0.0726
Mean value of Fst_3         = 0.0768
Mean value of Fst_4         = 0.0629


Inferred ancestry of individuals:
        Label (%Miss) Pop:  Inferred clusters
  1     1001    (3)    3 :  0.001 0.006 0.988 0.004 
  2     1002    (5)    3 :  0.019 0.045 0.927 0.009 
  3     1003    (3)    3 :  0.002 0.013 0.971 0.014 
  4     1004    (3)    3 :  0.005 0.171 0.807 0.018 
  5     1005    (7)    3 :  0.005 0.010 0.979 0.005 
  6     1006    (9)    3 :  0.002 0.007 0.983 0.008 
  7     1007    (4)    3 :  0.005 0.018 0.965 0.012 
  8     1008    (6)    3 :  0.006 0.004 0.977 0.013 
  9     1009    (4)    3 :  0.004 0.453 0.500 0.043 
 10     1010    (6)    3 :  0.002 0.010 0.981 0.007 
 11     1011    (5)    3 :  0.002 0.004 0.991 0.003 
 12     1012    (3)    3 :  0.047 0.160 0.758 0.035 
 13     1013    (3)    3 :  0.005 0.011 0.970 0.014 
 14     1014    (5)    3 :  0.003 0.005 0.986 0.006 
 15     1015    (5)    3 :  0.006 0.094 0.896 0.003 
 16     1016    (2)    3 :  0.003 0.007 0.987 0.003 
 17     1017    (4)    3 :  0.091 0.439 0.457 0.013 
 18     1018    (4)    3 :  0.002 0.006 0.989 0.003 
 19     1019    (2)    3 :  0.010 0.013 0.960 0.016 
 20     1020    (3)    3 :  0.003 0.007 0.987 0.003 
 21     1601   (19)    2 :  0.985 0.006 0.002 0.007 
 22     1602    (7)    2 :  0.989 0.004 0.004 0.003 
 23     1603    (5)    2 :  0.991 0.003 0.002 0.004 
 24     1604    (7)    2 :  0.991 0.003 0.005 0.001 
 25     1605    (7)    2 :  0.994 0.002 0.003 0.002 
 26     1606    (9)    2 :  0.986 0.006 0.003 0.005 
 27     1607   (15)    2 :  0.958 0.016 0.006 0.020 
 28     1608   (13)    2 :  0.986 0.005 0.004 0.005 
 29     1609   (10)    2 :  0.975 0.008 0.006 0.011 
 30     1610    (8)    2 :  0.992 0.003 0.003 0.003 
 31     1611   (19)    2 :  0.995 0.002 0.002 0.002 
 32     1612   (10)    2 :  0.919 0.010 0.068 0.004 
 33     1613    (7)    2 :  0.947 0.019 0.017 0.017 
 34     1614   (10)    2 :  0.992 0.004 0.002 0.002 
 35     1615    (7)    2 :  0.976 0.014 0.002 0.008 
 36     1616    (7)    2 :  0.991 0.002 0.003 0.003 
 37     1617    (9)    2 :  0.973 0.007 0.009 0.011 
 38     1618   (23)    2 :  0.989 0.003 0.003 0.004 
 39     1619   (12)    2 :  0.982 0.008 0.002 0.008 
 40     1620   (15)    2 :  0.991 0.005 0.002 0.003 
 41     1621   (11)    2 :  0.990 0.002 0.003 0.006 
 42     1622   (16)    2 :  0.975 0.011 0.006 0.008 
 43     1623   (12)    2 :  0.990 0.003 0.002 0.004 
 44     1624   (15)    2 :  0.992 0.003 0.002 0.003 
 45     1625    (5)    2 :  0.952 0.023 0.015 0.010 
 46     1626    (8)    2 :  0.959 0.010 0.017 0.014 
 47     1627   (18)    2 :  0.902 0.026 0.015 0.057 
 48     1628   (24)    2 :  0.983 0.003 0.009 0.004 
 49     1629   (21)    2 :  0.988 0.006 0.002 0.004 
 50     1630   (33)    2 :  0.918 0.058 0.015 0.009 
 51     1631   (30)    2 :  0.955 0.032 0.005 0.008 
 52     1632   (25)    2 :  0.993 0.002 0.002 0.003 
 53     1633   (20)    2 :  0.994 0.002 0.001 0.002 
 54     1634   (16)    2 :  0.987 0.005 0.002 0.005 
 55     1635   (23)    2 :  0.985 0.006 0.005 0.004 
 56     1636   (20)    2 :  0.981 0.006 0.009 0.005 
 57 1831-13469   (26)    1 :  0.003 0.014 0.003 0.980 
 58 2511-04833   (17)    1 :  0.001 0.027 0.003 0.968 
 59 2600-27318   (12)    1 :  0.010 0.441 0.007 0.543 
 60 2600-27353   (29)    1 :  0.004 0.847 0.008 0.142 
 61 2600-27665   (14)    1 :  0.002 0.024 0.080 0.894 
 62 2600-27679   (33)    1 :  0.002 0.006 0.007 0.985 
 63 2600-27714   (15)    1 :  0.008 0.065 0.022 0.905 
 64 2600-27772   (25)    1 :  0.004 0.007 0.052 0.936 
 65 2600-54720   (25)    1 :  0.011 0.010 0.006 0.973 
 66 2600-54869   (15)    1 :  0.003 0.535 0.007 0.455 
 67 2600-54934   (17)    1 :  0.068 0.495 0.016 0.421 
 68 2600-54936   (24)    1 :  0.006 0.021 0.010 0.963 
 69 2600-54946   (31)    1 :  0.005 0.011 0.008 0.976 
 70 2600-54962   (18)    1 :  0.002 0.006 0.004 0.988 
 71 2600-54972   (19)    1 :  0.003 0.009 0.005 0.983 
 72 2600-54979   (17)    1 :  0.011 0.611 0.031 0.347 
 73 2640-97014   (38)    1 :  0.008 0.037 0.004 0.951 
 74 2640-97015   (11)    1 :  0.017 0.019 0.002 0.962 
 75 2640-97016   (15)    1 :  0.003 0.016 0.012 0.969 
 76 2640-97017   (28)    1 :  0.012 0.098 0.004 0.886 
 77 2640-97129   (20)    1 :  0.105 0.039 0.005 0.851 
 78 2640-97130   (57)    1 :  0.006 0.029 0.008 0.958 
 79 2640-97131   (34)    1 :  0.006 0.154 0.049 0.791 
 80 2640-97134   (37)    1 :  0.008 0.044 0.017 0.930 
 81 2640-97135   (48)    1 :  0.008 0.012 0.012 0.967 
 82 2640-97137   (19)    1 :  0.016 0.006 0.007 0.971 


Estimated Allele Frequencies in each cluster
First column gives estimated ancestral frequencies


Locus 1 : 
2 alleles
7.3% missing data
   0   (0.726) 0.677 0.734 0.835 0.705 
   1   (0.274) 0.323 0.266 0.165 0.295 

Locus 2 : 
2 alleles
12.2% missing data
   1   (0.188) 0.036 0.179 0.428 0.106 
   0   (0.812) 0.964 0.821 0.572 0.894 

Locus 3 : 
2 alleles
11.0% missing data
   0   (0.349) 0.196 0.356 0.472 0.280 
   1   (0.651) 0.804 0.644 0.528 0.720 

Locus 4 : 
2 alleles
36.6% missing data
   0   (0.837) 0.944 0.863 0.777 0.868 
   1   (0.163) 0.056 0.137 0.223 0.132 

Locus 5 : 
2 alleles
52.4% missing data
   0   (0.902) 0.921 0.910 0.947 0.935 
   1   (0.098) 0.079 0.090 0.053 0.065 

Locus 6 : 
2 alleles
15.9% missing data
   0   (0.891) 0.977 0.921 0.931 0.845 
   1   (0.109) 0.023 0.079 0.069 0.155 

Locus 7 : 
2 alleles
47.6% missing data
   0   (0.844) 0.763 0.793 0.919 0.903 
   1   (0.156) 0.237 0.207 0.081 0.097 

Locus 8 : 
2 alleles
52.4% missing data
   0   (0.826) 0.682 0.763 0.913 0.885 
   1   (0.174) 0.318 0.237 0.087 0.115 

Locus 9 : 
2 alleles
4.9% missing data
   0   (0.896) 0.887 0.920 0.954 0.926 
   1   (0.104) 0.113 0.080 0.046 0.074 

Locus 10 : 
2 alleles
1.2% missing data
   1   (0.733) 0.758 0.759 0.735 0.759 
   0   (0.267) 0.242 0.241 0.265 0.241 

Locus 11 : 
2 alleles
0.0% missing data
   0   (0.883) 0.913 0.876 0.851 0.964 
   1   (0.117) 0.087 0.124 0.149 0.036 

Locus 12 : 
2 alleles
7.3% missing data
   0   (0.947) 0.971 0.956 0.971 0.983 
   1   (0.053) 0.029 0.044 0.029 0.017 

Locus 13 : 
2 alleles
18.3% missing data
   1   (0.906) 0.958 0.940 0.875 0.951 
   0   (0.094) 0.042 0.060 0.125 0.049 

Locus 14 : 
2 alleles
6.1% missing data
   0   (0.925) 0.994 0.948 0.795 0.964 
   1   (0.075) 0.006 0.052 0.205 0.036 

Locus 15 : 
2 alleles
6.1% missing data
   0   (0.927) 0.994 0.949 0.796 0.965 
   1   (0.073) 0.006 0.051 0.204 0.035 

Locus 16 : 
2 alleles
8.5% missing data
   0   (0.940) 0.901 0.960 0.966 0.982 
   1   (0.060) 0.099 0.040 0.034 0.018 

Locus 17 : 
2 alleles
7.3% missing data
   1   (0.758) 0.639 0.831 0.822 0.725 
   0   (0.242) 0.361 0.169 0.178 0.275 

Locus 18 : 
2 alleles
43.9% missing data
   0   (0.869) 0.961 0.885 0.967 0.684 
   1   (0.131) 0.039 0.115 0.033 0.316 

Locus 19 : 
2 alleles
36.6% missing data
   0   (0.807) 0.918 0.834 0.851 0.758 
   1   (0.193) 0.082 0.166 0.149 0.242 

Locus 20 : 
2 alleles
0.0% missing data
   0   (0.801) 0.709 0.768 0.917 0.835 
   1   (0.199) 0.291 0.232 0.083 0.165 

Locus 21 : 
2 alleles
0.0% missing data
   1   (0.848) 0.914 0.884 0.807 0.901 
   0   (0.152) 0.086 0.116 0.193 0.099 

Locus 22 : 
2 alleles
4.9% missing data
   1   (0.884) 0.939 0.908 0.789 0.953 
   0   (0.116) 0.061 0.092 0.211 0.047 

Locus 23 : 
2 alleles
17.1% missing data
   0   (0.941) 0.950 0.961 0.966 0.979 
   1   (0.059) 0.050 0.039 0.034 0.021 

Locus 24 : 
2 alleles
26.8% missing data
   0   (0.934) 0.993 0.921 0.983 0.885 
   1   (0.066) 0.007 0.079 0.017 0.115 

Locus 25 : 
2 alleles
32.9% missing data
   0   (0.680) 0.822 0.725 0.712 0.577 
   1   (0.320) 0.178 0.275 0.288 0.423 

Locus 26 : 
2 alleles
3.7% missing data
   0   (0.843) 0.950 0.778 0.821 0.917 
   1   (0.157) 0.050 0.222 0.179 0.083 

Locus 27 : 
2 alleles
0.0% missing data
   0   (0.884) 0.876 0.884 0.950 0.905 
   1   (0.116) 0.124 0.116 0.050 0.095 

Locus 28 : 
2 alleles
26.8% missing data
   0   (0.884) 0.768 0.901 0.945 0.928 
   1   (0.116) 0.232 0.099 0.055 0.072 

Locus 29 : 
2 alleles
14.6% missing data
   1   (0.453) 0.286 0.489 0.646 0.339 
   0   (0.547) 0.714 0.511 0.354 0.661 

Locus 30 : 
2 alleles
31.7% missing data
   0   (0.889) 0.987 0.908 0.912 0.828 
   1   (0.111) 0.013 0.092 0.088 0.172 

Locus 31 : 
2 alleles
13.4% missing data
   0   (0.891) 0.990 0.893 0.895 0.881 
   1   (0.109) 0.010 0.107 0.105 0.119 

Locus 32 : 
2 alleles
0.0% missing data
   0   (0.856) 0.872 0.873 0.886 0.894 
   1   (0.144) 0.128 0.127 0.114 0.106 

Locus 33 : 
2 alleles
18.3% missing data
   0   (0.897) 0.814 0.933 0.884 0.960 
   1   (0.103) 0.186 0.067 0.116 0.040 

Locus 34 : 
2 alleles
20.7% missing data
   1   (0.834) 0.959 0.810 0.910 0.777 
   0   (0.166) 0.041 0.190 0.090 0.223 

Locus 35 : 
2 alleles
15.9% missing data
   0   (0.677) 0.777 0.695 0.779 0.587 
   1   (0.323) 0.223 0.305 0.221 0.413 

Locus 36 : 
2 alleles
12.2% missing data
   0   (0.930) 0.884 0.956 0.982 0.944 
   1   (0.070) 0.116 0.044 0.018 0.056 

Locus 37 : 
2 alleles
3.7% missing data
   0   (0.787) 0.663 0.837 0.795 0.847 
   1   (0.213) 0.337 0.163 0.205 0.153 

Locus 38 : 
2 alleles
18.3% missing data
   0   (0.914) 0.962 0.927 0.957 0.941 
   1   (0.086) 0.038 0.073 0.043 0.059 

Locus 39 : 
2 alleles
18.3% missing data
   0   (0.820) 0.970 0.720 0.886 0.810 
   1   (0.180) 0.030 0.280 0.114 0.190 

Locus 40 : 
2 alleles
13.4% missing data
   0   (0.783) 0.753 0.822 0.843 0.789 
   1   (0.217) 0.247 0.178 0.157 0.211 

Locus 41 : 
2 alleles
43.9% missing data
   1   (0.074) 0.011 0.056 0.142 0.037 
   0   (0.926) 0.989 0.944 0.858 0.963 

Locus 42 : 
2 alleles
3.7% missing data
   0   (0.942) 0.969 0.965 0.945 0.984 
   1   (0.058) 0.031 0.035 0.055 0.016 

Locus 43 : 
2 alleles
7.3% missing data
   0   (0.842) 0.730 0.837 0.834 0.929 
   1   (0.158) 0.270 0.163 0.166 0.071 

Locus 44 : 
2 alleles
7.3% missing data
   0   (0.955) 0.996 0.969 0.896 0.987 
   1   (0.045) 0.004 0.031 0.104 0.013 

Locus 45 : 
2 alleles
40.2% missing data
   0   (0.731) 0.857 0.692 0.795 0.719 
   1   (0.269) 0.143 0.308 0.205 0.281 

Locus 46 : 
2 alleles
11.0% missing data
   0   (0.905) 0.992 0.937 0.873 0.892 
   1   (0.095) 0.008 0.063 0.127 0.108 

Locus 47 : 
2 alleles
0.0% missing data
   0   (0.869) 0.862 0.912 0.927 0.872 
   1   (0.131) 0.138 0.088 0.073 0.128 

Locus 48 : 
2 alleles
42.7% missing data
   0   (0.956) 0.994 0.967 0.989 0.943 
   1   (0.044) 0.006 0.033 0.011 0.057 

Locus 49 : 
2 alleles
39.0% missing data
   0   (0.898) 0.987 0.851 0.931 0.911 
   1   (0.102) 0.013 0.149 0.069 0.089 

Locus 50 : 
2 alleles
4.9% missing data
   1   (0.342) 0.138 0.308 0.435 0.351 
   0   (0.658) 0.862 0.692 0.565 0.649 

Locus 51 : 
2 alleles
14.6% missing data
   0   (0.627) 0.624 0.736 0.629 0.550 
   1   (0.373) 0.376 0.264 0.371 0.450 

Locus 52 : 
2 alleles
29.3% missing data
   1   (0.301) 0.399 0.295 0.320 0.206 
   0   (0.699) 0.601 0.705 0.680 0.794 

Locus 53 : 
2 alleles
1.2% missing data
   1   (0.797) 0.907 0.805 0.858 0.767 
   0   (0.203) 0.093 0.195 0.142 0.233 

Locus 54 : 
2 alleles
11.0% missing data
   0   (0.918) 0.982 0.948 0.894 0.953 
   1   (0.082) 0.018 0.052 0.106 0.047 

Locus 55 : 
2 alleles
13.4% missing data
   0   (0.767) 0.632 0.814 0.798 0.818 
   1   (0.233) 0.368 0.186 0.202 0.182 

Locus 56 : 
2 alleles
11.0% missing data
   0   (0.844) 0.987 0.766 0.888 0.814 
   1   (0.156) 0.013 0.234 0.112 0.186 

Locus 57 : 
2 alleles
17.1% missing data
   0   (0.705) 0.625 0.740 0.635 0.781 
   1   (0.295) 0.375 0.260 0.365 0.219 

Locus 58 : 
2 alleles
20.7% missing data
   0   (0.794) 0.699 0.856 0.856 0.776 
   1   (0.206) 0.301 0.144 0.144 0.224 

Locus 59 : 
2 alleles
28.0% missing data
   0   (0.868) 0.204 0.882 0.967 0.930 
   1   (0.132) 0.796 0.118 0.033 0.070 

Locus 60 : 
2 alleles
36.6% missing data
   0   (0.358) 0.373 0.380 0.286 0.362 
   1   (0.642) 0.627 0.620 0.714 0.638 

Locus 61 : 
2 alleles
7.3% missing data
   0   (0.860) 0.976 0.858 0.669 0.941 
   1   (0.140) 0.024 0.142 0.331 0.059 

Locus 62 : 
2 alleles
2.4% missing data
   0   (0.852) 0.927 0.872 0.896 0.861 
   1   (0.148) 0.073 0.128 0.104 0.139 

Locus 63 : 
2 alleles
30.5% missing data
   0   (0.925) 0.909 0.947 0.941 0.973 
   1   (0.075) 0.091 0.053 0.059 0.027 

Locus 64 : 
2 alleles
1.2% missing data
   0   (0.778) 0.799 0.768 0.878 0.781 
   1   (0.222) 0.201 0.232 0.122 0.219 

Locus 65 : 
2 alleles
23.2% missing data
   0   (0.740) 0.855 0.691 0.790 0.735 
   1   (0.260) 0.145 0.309 0.210 0.265 

Locus 66 : 
1 alleles
6.1% missing data
   0   (1.000) 1.000 1.000 1.000 1.000 

Locus 67 : 
2 alleles
8.5% missing data
   0   (0.910) 0.743 0.937 0.961 0.955 
   1   (0.090) 0.257 0.063 0.039 0.045 

Locus 68 : 
2 alleles
34.1% missing data
   0   (0.936) 0.952 0.954 0.965 0.972 
   1   (0.064) 0.048 0.046 0.035 0.028 

Locus 69 : 
2 alleles
4.9% missing data
   0   (0.073) 0.029 0.053 0.138 0.019 
   1   (0.927) 0.971 0.947 0.862 0.981 

Locus 70 : 
2 alleles
20.7% missing data
   0   (0.861) 0.942 0.860 0.860 0.910 
   1   (0.139) 0.058 0.140 0.140 0.090 

Locus 71 : 
2 alleles
1.2% missing data
   0   (0.934) 0.994 0.928 0.966 0.948 
   1   (0.066) 0.006 0.072 0.034 0.052 

Locus 72 : 
2 alleles
12.2% missing data
   0   (0.889) 0.904 0.927 0.929 0.910 
   1   (0.111) 0.096 0.073 0.071 0.090 

Locus 73 : 
2 alleles
2.4% missing data
   0   (0.889) 0.980 0.865 0.945 0.862 
   1   (0.111) 0.020 0.135 0.055 0.138 

Locus 74 : 
2 alleles
24.4% missing data
   0   (0.952) 0.898 0.971 0.988 0.980 
   1   (0.048) 0.102 0.029 0.012 0.020 

Locus 75 : 
2 alleles
54.9% missing data
   0   (0.840) 0.921 0.849 0.918 0.790 
   1   (0.160) 0.079 0.151 0.082 0.210 

Locus 76 : 
2 alleles
41.5% missing data
   0   (0.845) 0.769 0.885 0.901 0.857 
   1   (0.155) 0.231 0.115 0.099 0.143 

Locus 77 : 
2 alleles
43.9% missing data
   1   (0.811) 0.947 0.768 0.780 0.848 
   0   (0.189) 0.053 0.232 0.220 0.152 

Locus 78 : 
2 alleles
6.1% missing data
   0   (0.619) 0.399 0.530 0.799 0.647 
   1   (0.381) 0.601 0.470 0.201 0.353 

Locus 79 : 
2 alleles
3.7% missing data
   0   (0.882) 0.908 0.902 0.936 0.911 
   1   (0.118) 0.092 0.098 0.064 0.089 

Locus 80 : 
2 alleles
0.0% missing data
   0   (0.791) 0.868 0.788 0.854 0.776 
   1   (0.209) 0.132 0.212 0.146 0.224 

Locus 81 : 
2 alleles
45.1% missing data
   0   (0.410) 0.259 0.430 0.467 0.389 
   1   (0.590) 0.741 0.570 0.533 0.611 

Locus 82 : 
2 alleles
7.3% missing data
   0   (0.885) 0.977 0.898 0.958 0.771 
   1   (0.115) 0.023 0.102 0.042 0.229 

Locus 83 : 
2 alleles
2.4% missing data
   0   (0.571) 0.491 0.616 0.587 0.575 
   1   (0.429) 0.509 0.384 0.413 0.425 

Locus 84 : 
2 alleles
18.3% missing data
   0   (0.835) 0.951 0.781 0.915 0.810 
   1   (0.165) 0.049 0.219 0.085 0.190 

Locus 85 : 
2 alleles
47.6% missing data
   0   (0.811) 0.921 0.841 0.796 0.815 
   1   (0.189) 0.079 0.159 0.204 0.185 

Locus 86 : 
2 alleles
28.0% missing data
   0   (0.830) 0.887 0.838 0.918 0.792 
   1   (0.170) 0.113 0.162 0.082 0.208 

Locus 87 : 
2 alleles
4.9% missing data
   0   (0.848) 0.873 0.836 0.877 0.891 
   1   (0.152) 0.127 0.164 0.123 0.109 

Locus 88 : 
2 alleles
51.2% missing data
   1   (0.306) 0.577 0.280 0.196 0.285 
   0   (0.694) 0.423 0.720 0.804 0.715 

Locus 89 : 
2 alleles
11.0% missing data
   0   (0.925) 0.585 0.946 0.971 0.975 
   1   (0.075) 0.415 0.054 0.029 0.025 

Locus 90 : 
2 alleles
1.2% missing data
   0   (0.895) 0.966 0.919 0.936 0.894 
   1   (0.105) 0.034 0.081 0.064 0.106 

Locus 91 : 
2 alleles
14.6% missing data
   0   (0.925) 0.994 0.953 0.853 0.949 
   1   (0.075) 0.006 0.047 0.147 0.051 

Locus 92 : 
2 alleles
9.8% missing data
   0   (0.904) 0.982 0.934 0.914 0.907 
   1   (0.096) 0.018 0.066 0.086 0.093 

Locus 93 : 
2 alleles
29.3% missing data
   1   (0.768) 0.732 0.801 0.875 0.722 
   0   (0.232) 0.268 0.199 0.125 0.278 

Locus 94 : 
2 alleles
14.6% missing data
   0   (0.553) 0.379 0.558 0.500 0.677 
   1   (0.447) 0.621 0.442 0.500 0.323 

Locus 95 : 
2 alleles
4.9% missing data
   1   (0.750) 0.661 0.769 0.807 0.801 
   0   (0.250) 0.339 0.231 0.193 0.199 

Locus 96 : 
2 alleles
14.6% missing data
   0   (0.376) 0.460 0.310 0.392 0.340 
   1   (0.624) 0.540 0.690 0.608 0.660 

Locus 97 : 
2 alleles
41.5% missing data
   0   (0.792) 0.771 0.775 0.929 0.727 
   1   (0.208) 0.229 0.225 0.071 0.273 

Locus 98 : 
2 alleles
4.9% missing data
   0   (0.781) 0.907 0.794 0.774 0.757 
   1   (0.219) 0.093 0.206 0.226 0.243 

Locus 99 : 
2 alleles
0.0% missing data
   0   (0.838) 0.951 0.890 0.776 0.847 
   1   (0.162) 0.049 0.110 0.224 0.153 

Locus 100 : 
2 alleles
2.4% missing data
   0   (0.505) 0.229 0.604 0.598 0.488 
   1   (0.495) 0.771 0.396 0.402 0.512 

Locus 101 : 
2 alleles
7.3% missing data
   1   (0.564) 0.544 0.569 0.685 0.476 
   0   (0.436) 0.456 0.431 0.315 0.524 

Locus 102 : 
2 alleles
17.1% missing data
   1   (0.629) 0.784 0.678 0.587 0.572 
   0   (0.371) 0.216 0.322 0.413 0.428 

Locus 103 : 
2 alleles
0.0% missing data
   0   (0.951) 0.996 0.966 0.870 0.988 
   1   (0.049) 0.004 0.034 0.130 0.012 

Locus 104 : 
2 alleles
17.1% missing data
   1   (0.768) 0.861 0.834 0.770 0.719 
   0   (0.232) 0.139 0.166 0.230 0.281 

Locus 105 : 
2 alleles
41.5% missing data
   1   (0.265) 0.270 0.189 0.357 0.218 
   0   (0.735) 0.730 0.811 0.643 0.782 

Locus 106 : 
2 alleles
0.0% missing data
   0   (0.847) 0.988 0.889 0.660 0.852 
   1   (0.153) 0.012 0.111 0.340 0.148 

Locus 107 : 
2 alleles
14.6% missing data
   0   (0.706) 0.723 0.659 0.845 0.674 
   1   (0.294) 0.277 0.341 0.155 0.326 

Locus 108 : 
2 alleles
1.2% missing data
   0   (0.831) 0.832 0.896 0.918 0.732 
   1   (0.169) 0.168 0.104 0.082 0.268 

Locus 109 : 
2 alleles
8.5% missing data
   0   (0.897) 0.956 0.912 0.771 0.968 
   1   (0.103) 0.044 0.088 0.229 0.032 

Locus 110 : 
2 alleles
2.4% missing data
   1   (0.647) 0.773 0.625 0.711 0.599 
   0   (0.353) 0.227 0.375 0.289 0.401 

Locus 111 : 
2 alleles
19.5% missing data
   0   (0.741) 0.845 0.780 0.780 0.683 
   1   (0.259) 0.155 0.220 0.220 0.317 

Locus 112 : 
2 alleles
51.2% missing data
   0   (0.902) 0.984 0.906 0.841 0.932 
   1   (0.098) 0.016 0.094 0.159 0.068 

Locus 113 : 
2 alleles
6.1% missing data
   1   (0.715) 0.724 0.747 0.779 0.706 
   0   (0.285) 0.276 0.253 0.221 0.294 

Locus 114 : 
2 alleles
1.2% missing data
   0   (0.842) 0.927 0.877 0.836 0.851 
   1   (0.158) 0.073 0.123 0.164 0.149 

Locus 115 : 
2 alleles
9.8% missing data
   0   (0.712) 0.769 0.726 0.657 0.765 
   1   (0.288) 0.231 0.274 0.343 0.235 

Locus 116 : 
2 alleles
7.3% missing data
   0   (0.841) 0.813 0.821 0.845 0.926 
   1   (0.159) 0.187 0.179 0.155 0.074 

Locus 117 : 
2 alleles
7.3% missing data
   0   (0.815) 0.922 0.824 0.805 0.839 
   1   (0.185) 0.078 0.176 0.195 0.161 

Locus 118 : 
2 alleles
2.4% missing data
   0   (0.898) 0.527 0.935 0.936 0.963 
   1   (0.102) 0.473 0.065 0.064 0.037 

Locus 119 : 
2 alleles
6.1% missing data
   0   (0.824) 0.753 0.881 0.893 0.799 
   1   (0.176) 0.247 0.119 0.107 0.201 

Locus 120 : 
2 alleles
9.8% missing data
   0   (0.844) 0.963 0.872 0.883 0.782 
   1   (0.156) 0.037 0.128 0.117 0.218 

Locus 121 : 
2 alleles
11.0% missing data
   0   (0.919) 0.924 0.933 0.931 0.973 
   1   (0.081) 0.076 0.067 0.069 0.027 

Locus 122 : 
2 alleles
2.4% missing data
   0   (0.799) 0.896 0.738 0.844 0.830 
   1   (0.201) 0.104 0.262 0.156 0.170 

Locus 123 : 
2 alleles
6.1% missing data
   1   (0.892) 0.921 0.930 0.893 0.936 
   0   (0.108) 0.079 0.070 0.107 0.064 

Locus 124 : 
2 alleles
34.1% missing data
   0   (0.538) 0.544 0.508 0.640 0.488 
   1   (0.462) 0.456 0.492 0.360 0.512 

Locus 125 : 
2 alleles
0.0% missing data
   0   (0.916) 0.984 0.887 0.920 0.969 
   1   (0.084) 0.016 0.113 0.080 0.031 

Locus 126 : 
2 alleles
3.7% missing data
   0   (0.891) 0.944 0.893 0.968 0.855 
   1   (0.109) 0.056 0.107 0.032 0.145 

Locus 127 : 
2 alleles
11.0% missing data
   0   (0.582) 0.632 0.605 0.464 0.657 
   1   (0.418) 0.368 0.395 0.536 0.343 

Locus 128 : 
2 alleles
56.1% missing data
   0   (0.623) 0.632 0.628 0.704 0.585 
   1   (0.377) 0.368 0.372 0.296 0.415 

Locus 129 : 
2 alleles
12.2% missing data
   1   (0.332) 0.181 0.328 0.357 0.329 
   0   (0.668) 0.819 0.672 0.643 0.671 

Locus 130 : 
2 alleles
12.2% missing data
   0   (0.811) 0.907 0.818 0.861 0.797 
   1   (0.189) 0.093 0.182 0.139 0.203 

Locus 131 : 
2 alleles
18.3% missing data
   0   (0.944) 0.995 0.888 0.962 0.969 
   1   (0.056) 0.005 0.112 0.038 0.031 

Locus 132 : 
2 alleles
0.0% missing data
   0   (0.792) 0.855 0.810 0.885 0.705 
   1   (0.208) 0.145 0.190 0.115 0.295 

Locus 133 : 
2 alleles
12.2% missing data
   0   (0.644) 0.623 0.662 0.682 0.659 
   1   (0.356) 0.377 0.338 0.318 0.341 

Locus 134 : 
2 alleles
28.0% missing data
   0   (0.795) 0.706 0.837 0.888 0.765 
   1   (0.205) 0.294 0.163 0.112 0.235 

Locus 135 : 
2 alleles
1.2% missing data
   0   (0.815) 0.805 0.880 0.874 0.764 
   1   (0.185) 0.195 0.120 0.126 0.236 

Locus 136 : 
2 alleles
1.2% missing data
   0   (0.856) 0.884 0.892 0.835 0.916 
   1   (0.144) 0.116 0.108 0.165 0.084 

Locus 137 : 
2 alleles
0.0% missing data
   0   (0.389) 0.546 0.349 0.307 0.407 
   1   (0.611) 0.454 0.651 0.693 0.593 

Locus 138 : 
2 alleles
34.1% missing data
   0   (0.822) 0.814 0.851 0.917 0.772 
   1   (0.178) 0.186 0.149 0.083 0.228 

Locus 139 : 
2 alleles
1.2% missing data
   0   (0.955) 0.996 0.973 0.884 0.988 
   1   (0.045) 0.004 0.027 0.116 0.012 

Locus 140 : 
2 alleles
9.8% missing data
   0   (0.872) 0.937 0.912 0.888 0.881 
   1   (0.128) 0.063 0.088 0.112 0.119 

Locus 141 : 
2 alleles
11.0% missing data
   0   (0.794) 0.730 0.850 0.773 0.853 
   1   (0.206) 0.270 0.150 0.227 0.147 

Locus 142 : 
2 alleles
6.1% missing data
   0   (0.275) 0.470 0.254 0.359 0.149 
   1   (0.725) 0.530 0.746 0.641 0.851 

Locus 143 : 
2 alleles
13.4% missing data
   0   (0.828) 0.936 0.842 0.825 0.860 
   1   (0.172) 0.064 0.158 0.175 0.140 

Locus 144 : 
2 alleles
1.2% missing data
   0   (0.827) 0.923 0.781 0.955 0.678 
   1   (0.173) 0.077 0.219 0.045 0.322 

Locus 145 : 
2 alleles
0.0% missing data
   0   (0.883) 0.990 0.891 0.809 0.906 
   1   (0.117) 0.010 0.109 0.191 0.094 

Locus 146 : 
2 alleles
2.4% missing data
   1   (0.625) 0.550 0.667 0.652 0.624 
   0   (0.375) 0.450 0.333 0.348 0.376 

Locus 147 : 
2 alleles
0.0% missing data
   0   (0.763) 0.817 0.831 0.616 0.835 
   1   (0.237) 0.183 0.169 0.384 0.165 

Locus 148 : 
2 alleles
4.9% missing data
   1   (0.152) 0.043 0.115 0.293 0.090 
   0   (0.848) 0.957 0.885 0.707 0.910 

Locus 149 : 
2 alleles
2.4% missing data
   0   (0.397) 0.186 0.348 0.385 0.520 
   1   (0.603) 0.814 0.652 0.615 0.480 

Locus 150 : 
2 alleles
28.0% missing data
   0   (0.833) 0.654 0.878 0.920 0.825 
   1   (0.167) 0.346 0.122 0.080 0.175 

Locus 151 : 
2 alleles
32.9% missing data
   0   (0.435) 0.387 0.457 0.297 0.531 
   1   (0.565) 0.613 0.543 0.703 0.469 

Locus 152 : 
2 alleles
12.2% missing data
   0   (0.832) 0.962 0.832 0.867 0.817 
   1   (0.168) 0.038 0.168 0.133 0.183 

Locus 153 : 
2 alleles
6.1% missing data
   0   (0.910) 0.993 0.893 0.955 0.889 
   1   (0.090) 0.007 0.107 0.045 0.111 

Locus 154 : 
2 alleles
0.0% missing data
   0   (0.932) 0.994 0.932 0.894 0.968 
   1   (0.068) 0.006 0.068 0.106 0.032 

Locus 155 : 
2 alleles
1.2% missing data
   0   (0.745) 0.895 0.685 0.722 0.778 
   1   (0.255) 0.105 0.315 0.278 0.222 

Locus 156 : 
2 alleles
15.9% missing data
   0   (0.936) 0.944 0.959 0.949 0.980 
   1   (0.064) 0.056 0.041 0.051 0.020 

Locus 157 : 
2 alleles
36.6% missing data
   1   (0.863) 0.792 0.896 0.965 0.770 
   0   (0.137) 0.208 0.104 0.035 0.230 

Locus 158 : 
2 alleles
13.4% missing data
   0   (0.779) 0.587 0.816 0.856 0.823 
   1   (0.221) 0.413 0.184 0.144 0.177 

Locus 159 : 
2 alleles
7.3% missing data
   0   (0.886) 0.860 0.874 0.906 0.957 
   1   (0.114) 0.140 0.126 0.094 0.043 

Locus 160 : 
2 alleles
3.7% missing data
   0   (0.852) 0.779 0.798 0.956 0.845 
   1   (0.148) 0.221 0.202 0.044 0.155 

Locus 161 : 
2 alleles
4.9% missing data
   0   (0.828) 0.868 0.841 0.862 0.862 
   1   (0.172) 0.132 0.159 0.138 0.138 

Locus 162 : 
2 alleles
1.2% missing data
   0   (0.059) 0.005 0.035 0.059 0.046 
   1   (0.941) 0.995 0.965 0.941 0.954 

Locus 163 : 
2 alleles
30.5% missing data
   0   (0.224) 0.211 0.229 0.220 0.180 
   1   (0.776) 0.789 0.771 0.780 0.820 

Locus 164 : 
2 alleles
13.4% missing data
   0   (0.959) 0.996 0.976 0.929 0.986 
   1   (0.041) 0.004 0.024 0.071 0.014 

Locus 165 : 
2 alleles
14.6% missing data
   0   (0.872) 0.903 0.882 0.870 0.928 
   1   (0.128) 0.097 0.118 0.130 0.072 

Locus 166 : 
2 alleles
28.0% missing data
   1   (0.676) 0.582 0.684 0.791 0.634 
   0   (0.324) 0.418 0.316 0.209 0.366 

Locus 167 : 
2 alleles
28.0% missing data
   0   (0.900) 0.950 0.918 0.927 0.938 
   1   (0.100) 0.050 0.082 0.073 0.062 

Locus 168 : 
2 alleles
2.4% missing data
   0   (0.851) 0.935 0.834 0.854 0.890 
   1   (0.149) 0.065 0.166 0.146 0.110 

Locus 169 : 
2 alleles
0.0% missing data
   1   (0.589) 0.596 0.540 0.730 0.518 
   0   (0.411) 0.404 0.460 0.270 0.482 

Locus 170 : 
2 alleles
29.3% missing data
   0   (0.799) 0.942 0.766 0.890 0.682 
   1   (0.201) 0.058 0.234 0.110 0.318 

Locus 171 : 
2 alleles
6.1% missing data
   0   (0.912) 0.968 0.940 0.938 0.936 
   1   (0.088) 0.032 0.060 0.062 0.064 

Locus 172 : 
2 alleles
14.6% missing data
   0   (0.902) 0.621 0.940 0.917 0.967 
   1   (0.098) 0.379 0.060 0.083 0.033 

Locus 173 : 
2 alleles
11.0% missing data
   0   (0.804) 0.917 0.847 0.842 0.754 
   1   (0.196) 0.083 0.153 0.158 0.246 

Locus 174 : 
2 alleles
2.4% missing data
   0   (0.831) 0.913 0.850 0.872 0.818 
   1   (0.169) 0.087 0.150 0.128 0.182 

Locus 175 : 
2 alleles
3.7% missing data
   0   (0.886) 0.932 0.891 0.858 0.951 
   1   (0.114) 0.068 0.109 0.142 0.049 

Locus 176 : 
2 alleles
6.1% missing data
   0   (0.766) 0.757 0.719 0.788 0.851 
   1   (0.234) 0.243 0.281 0.212 0.149 

Locus 177 : 
2 alleles
19.5% missing data
   0   (0.622) 0.246 0.638 0.727 0.715 
   1   (0.378) 0.754 0.362 0.273 0.285 

Locus 178 : 
2 alleles
6.1% missing data
   1   (0.859) 0.936 0.851 0.941 0.803 
   0   (0.141) 0.064 0.149 0.059 0.197 

Locus 179 : 
2 alleles
1.2% missing data
   0   (0.772) 0.907 0.776 0.827 0.712 
   1   (0.228) 0.093 0.224 0.173 0.288 

Locus 180 : 
2 alleles
2.4% missing data
   1   (0.911) 0.982 0.901 0.949 0.935 
   0   (0.089) 0.018 0.099 0.051 0.065 

Locus 181 : 
2 alleles
1.2% missing data
   0   (0.505) 0.515 0.470 0.527 0.505 
   1   (0.495) 0.485 0.530 0.473 0.495 

Locus 182 : 
2 alleles
14.6% missing data
   0   (0.637) 0.526 0.659 0.798 0.556 
   1   (0.363) 0.474 0.341 0.202 0.444 

Locus 183 : 
2 alleles
18.3% missing data
   0   (0.579) 0.070 0.651 0.417 0.852 
   1   (0.421) 0.930 0.349 0.583 0.148 

Locus 184 : 
2 alleles
42.7% missing data
   1   (0.122) 0.016 0.113 0.162 0.108 
   0   (0.878) 0.984 0.887 0.838 0.892 

Locus 185 : 
2 alleles
3.7% missing data
   0   (0.923) 0.940 0.920 0.980 0.944 
   1   (0.077) 0.060 0.080 0.020 0.056 

Locus 186 : 
2 alleles
1.2% missing data
   0   (0.939) 0.995 0.960 0.946 0.950 
   1   (0.061) 0.005 0.040 0.054 0.050 

Locus 187 : 
2 alleles
4.9% missing data
   0   (0.922) 0.993 0.938 0.921 0.932 
   1   (0.078) 0.007 0.062 0.079 0.068 

Locus 188 : 
2 alleles
3.7% missing data
   1   (0.880) 0.927 0.856 0.968 0.837 
   0   (0.120) 0.073 0.144 0.032 0.163 

Locus 189 : 
2 alleles
35.4% missing data
   1   (0.671) 0.781 0.680 0.598 0.715 
   0   (0.329) 0.219 0.320 0.402 0.285 

Locus 190 : 
2 alleles
54.9% missing data
   1   (0.209) 0.144 0.236 0.193 0.165 
   0   (0.791) 0.856 0.764 0.807 0.835 

Locus 191 : 
2 alleles
1.2% missing data
   0   (0.912) 0.928 0.915 0.897 0.977 
   1   (0.088) 0.072 0.085 0.103 0.023 

Locus 192 : 
2 alleles
6.1% missing data
   0   (0.848) 0.899 0.886 0.859 0.869 
   1   (0.152) 0.101 0.114 0.141 0.131 

Locus 193 : 
2 alleles
3.7% missing data
   0   (0.931) 0.883 0.957 0.983 0.949 
   1   (0.069) 0.117 0.043 0.017 0.051 

Locus 194 : 
2 alleles
1.2% missing data
   1   (0.827) 0.860 0.779 0.846 0.907 
   0   (0.173) 0.140 0.221 0.154 0.093 

Locus 195 : 
2 alleles
1.2% missing data
   0   (0.946) 0.944 0.932 0.987 0.984 
   1   (0.054) 0.056 0.068 0.013 0.016 

Locus 196 : 
2 alleles
1.2% missing data
   0   (0.895) 0.889 0.857 0.917 0.969 
   1   (0.105) 0.111 0.143 0.083 0.031 

Locus 197 : 
2 alleles
28.0% missing data
   0   (0.754) 0.671 0.745 0.881 0.703 
   1   (0.246) 0.329 0.255 0.119 0.297 

Locus 198 : 
2 alleles
1.2% missing data
   0   (0.868) 0.838 0.856 0.936 0.914 
   1   (0.132) 0.162 0.144 0.064 0.086 

Locus 199 : 
2 alleles
8.5% missing data
   0   (0.895) 0.877 0.926 0.956 0.900 
   1   (0.105) 0.123 0.074 0.044 0.100 

Locus 200 : 
2 alleles
0.0% missing data
   0   (0.849) 0.951 0.865 0.806 0.891 
   1   (0.151) 0.049 0.135 0.194 0.109 

Locus 201 : 
2 alleles
2.4% missing data
   0   (0.769) 0.680 0.792 0.736 0.863 
   1   (0.231) 0.320 0.208 0.264 0.137 

Locus 202 : 
2 alleles
2.4% missing data
   0   (0.953) 0.996 0.970 0.862 0.988 
   1   (0.047) 0.004 0.030 0.138 0.012 

Locus 203 : 
2 alleles
13.4% missing data
   0   (0.901) 0.902 0.930 0.925 0.945 
   1   (0.099) 0.098 0.070 0.075 0.055 

Locus 204 : 
2 alleles
12.2% missing data
   0   (0.924) 0.993 0.953 0.961 0.862 
   1   (0.076) 0.007 0.047 0.039 0.138 

Locus 205 : 
2 alleles
19.5% missing data
   0   (0.880) 0.818 0.883 0.965 0.887 
   1   (0.120) 0.182 0.117 0.035 0.113 

Locus 206 : 
2 alleles
30.5% missing data
   0   (0.936) 0.938 0.960 0.964 0.972 
   1   (0.064) 0.062 0.040 0.036 0.028 

Locus 207 : 
2 alleles
1.2% missing data
   0   (0.956) 0.815 0.972 0.989 0.988 
   1   (0.044) 0.185 0.028 0.011 0.012 

Locus 208 : 
2 alleles
0.0% missing data
   0   (0.899) 0.992 0.876 0.847 0.940 
   1   (0.101) 0.008 0.124 0.153 0.060 

Locus 209 : 
2 alleles
13.4% missing data
   1   (0.600) 0.736 0.584 0.548 0.591 
   0   (0.400) 0.264 0.416 0.452 0.409 

Locus 210 : 
2 alleles
17.1% missing data
   0   (0.929) 0.915 0.953 0.982 0.937 
   1   (0.071) 0.085 0.047 0.018 0.063 

Locus 211 : 
2 alleles
18.3% missing data
   0   (0.860) 0.808 0.802 0.945 0.888 
   1   (0.140) 0.192 0.198 0.055 0.112 

Locus 212 : 
2 alleles
4.9% missing data
   0   (0.863) 0.925 0.892 0.926 0.840 
   1   (0.137) 0.075 0.108 0.074 0.160 

Locus 213 : 
2 alleles
0.0% missing data
   0   (0.919) 0.993 0.888 0.920 0.954 
   1   (0.081) 0.007 0.112 0.080 0.046 

Locus 214 : 
2 alleles
4.9% missing data
   0   (0.960) 0.888 0.976 0.989 0.990 
   1   (0.040) 0.112 0.024 0.011 0.010 

Locus 215 : 
2 alleles
3.7% missing data
   1   (0.794) 0.779 0.838 0.720 0.878 
   0   (0.206) 0.221 0.162 0.280 0.122 

Locus 216 : 
2 alleles
28.0% missing data
   0   (0.837) 0.983 0.848 0.746 0.835 
   1   (0.163) 0.017 0.152 0.254 0.165 

Locus 217 : 
2 alleles
37.8% missing data
   0   (0.957) 0.995 0.967 0.970 0.976 
   1   (0.043) 0.005 0.033 0.030 0.024 

Locus 218 : 
2 alleles
43.9% missing data
   0   (0.920) 0.966 0.945 0.918 0.953 
   1   (0.080) 0.034 0.055 0.082 0.047 

Locus 219 : 
2 alleles
29.3% missing data
   0   (0.495) 0.354 0.549 0.441 0.556 
   1   (0.505) 0.646 0.451 0.559 0.444 

Locus 220 : 
2 alleles
35.4% missing data
   0   (0.550) 0.692 0.502 0.683 0.433 
   1   (0.450) 0.308 0.498 0.317 0.567 

Locus 221 : 
2 alleles
17.1% missing data
   1   (0.554) 0.396 0.635 0.582 0.541 
   0   (0.446) 0.604 0.365 0.418 0.459 

Locus 222 : 
2 alleles
32.9% missing data
   0   (0.826) 0.596 0.831 0.890 0.896 
   1   (0.174) 0.404 0.169 0.110 0.104 

Locus 223 : 
2 alleles
3.7% missing data
   0   (0.895) 0.952 0.924 0.940 0.899 
   1   (0.105) 0.048 0.076 0.060 0.101 

Locus 224 : 
2 alleles
6.1% missing data
   1   (0.880) 0.876 0.891 0.966 0.858 
   0   (0.120) 0.124 0.109 0.034 0.142 

Locus 225 : 
2 alleles
0.0% missing data
   0   (0.885) 0.981 0.913 0.858 0.903 
   1   (0.115) 0.019 0.087 0.142 0.097 

Locus 226 : 
2 alleles
12.2% missing data
   0   (0.885) 0.979 0.922 0.877 0.862 
   1   (0.115) 0.021 0.078 0.123 0.138 

Locus 227 : 
2 alleles
39.0% missing data
   1   (0.523) 0.437 0.518 0.533 0.560 
   0   (0.477) 0.563 0.482 0.467 0.440 

Locus 228 : 
2 alleles
4.9% missing data
   0   (0.935) 0.628 0.957 0.983 0.974 
   1   (0.065) 0.372 0.043 0.017 0.026 

Locus 229 : 
2 alleles
7.3% missing data
   0   (0.947) 0.996 0.944 0.919 0.984 
   1   (0.053) 0.004 0.056 0.081 0.016 

Locus 230 : 
2 alleles
63.4% missing data
   0   (0.832) 0.863 0.859 0.878 0.825 
   1   (0.168) 0.137 0.141 0.122 0.175 

Locus 231 : 
2 alleles
12.2% missing data
   0   (0.526) 0.458 0.486 0.619 0.501 
   1   (0.474) 0.542 0.514 0.381 0.499 

Locus 232 : 
2 alleles
4.9% missing data
   1   (0.596) 0.638 0.625 0.635 0.576 
   0   (0.404) 0.362 0.375 0.365 0.424 

Locus 233 : 
2 alleles
61.0% missing data
   0   (0.815) 0.827 0.833 0.893 0.801 
   1   (0.185) 0.173 0.167 0.107 0.199 

Locus 234 : 
2 alleles
14.6% missing data
   0   (0.526) 0.537 0.490 0.586 0.518 
   1   (0.474) 0.463 0.510 0.414 0.482 

Locus 235 : 
2 alleles
6.1% missing data
   0   (0.910) 0.855 0.927 0.942 0.959 
   1   (0.090) 0.145 0.073 0.058 0.041 

Locus 236 : 
2 alleles
11.0% missing data
   1   (0.720) 0.719 0.741 0.879 0.600 
   0   (0.280) 0.281 0.259 0.121 0.400 

Locus 237 : 
2 alleles
35.4% missing data
   0   (0.947) 0.827 0.964 0.987 0.977 
   1   (0.053) 0.173 0.036 0.013 0.023 

Locus 238 : 
2 alleles
12.2% missing data
   0   (0.216) 0.136 0.162 0.349 0.163 
   1   (0.784) 0.864 0.838 0.651 0.837 

Locus 239 : 
2 alleles
23.2% missing data
   0   (0.876) 0.906 0.804 0.949 0.910 
   1   (0.124) 0.094 0.196 0.051 0.090 

Locus 240 : 
2 alleles
31.7% missing data
   0   (0.780) 0.653 0.820 0.901 0.733 
   1   (0.220) 0.347 0.180 0.099 0.267 

Locus 241 : 
2 alleles
18.3% missing data
   0   (0.877) 0.974 0.911 0.851 0.892 
   1   (0.123) 0.026 0.089 0.149 0.108 

Locus 242 : 
2 alleles
1.2% missing data
   0   (0.821) 0.911 0.872 0.818 0.803 
   1   (0.179) 0.089 0.128 0.182 0.197 

Locus 243 : 
2 alleles
17.1% missing data
   0   (0.474) 0.669 0.395 0.498 0.434 
   1   (0.526) 0.331 0.605 0.502 0.566 

Locus 244 : 
2 alleles
28.0% missing data
   0   (0.904) 0.973 0.920 0.956 0.892 
   1   (0.096) 0.027 0.080 0.044 0.108 

Locus 245 : 
2 alleles
9.8% missing data
   0   (0.903) 0.992 0.934 0.909 0.844 
   1   (0.097) 0.008 0.066 0.091 0.156 

Locus 246 : 
2 alleles
58.5% missing data
   0   (0.911) 0.975 0.899 0.939 0.936 
   1   (0.089) 0.025 0.101 0.061 0.064 

Locus 247 : 
2 alleles
41.5% missing data
   0   (0.769) 0.849 0.702 0.836 0.769 
   1   (0.231) 0.151 0.298 0.164 0.231 

Locus 248 : 
2 alleles
2.4% missing data
   0   (0.936) 0.982 0.935 0.984 0.939 
   1   (0.064) 0.018 0.065 0.016 0.061 

Locus 249 : 
2 alleles
20.7% missing data
   0   (0.910) 0.846 0.917 0.978 0.930 
   1   (0.090) 0.154 0.083 0.022 0.070 

Locus 250 : 
2 alleles
7.3% missing data
   0   (0.777) 0.898 0.837 0.682 0.790 
   1   (0.223) 0.102 0.163 0.318 0.210 

Locus 251 : 
2 alleles
47.6% missing data
   1   (0.268) 0.049 0.279 0.451 0.245 
   0   (0.732) 0.951 0.721 0.549 0.755 

Locus 252 : 
2 alleles
50.0% missing data
   0   (0.751) 0.750 0.767 0.830 0.722 
   1   (0.249) 0.250 0.233 0.170 0.278 

Locus 253 : 
2 alleles
26.8% missing data
   1   (0.128) 0.059 0.145 0.201 0.053 
   0   (0.872) 0.941 0.855 0.799 0.947 

Locus 254 : 
2 alleles
2.4% missing data
   0   (0.753) 0.569 0.830 0.758 0.802 
   1   (0.247) 0.431 0.170 0.242 0.198 

Locus 255 : 
2 alleles
4.9% missing data
   1   (0.601) 0.769 0.626 0.620 0.523 
   0   (0.399) 0.231 0.374 0.380 0.477 

Locus 256 : 
2 alleles
0.0% missing data
   1   (0.875) 0.955 0.872 0.892 0.916 
   0   (0.125) 0.045 0.128 0.108 0.084 

Locus 257 : 
2 alleles
24.4% missing data
   0   (0.946) 0.979 0.960 0.969 0.977 
   1   (0.054) 0.021 0.040 0.031 0.023 

Locus 258 : 
2 alleles
15.9% missing data
   0   (0.888) 0.989 0.896 0.898 0.875 
   1   (0.112) 0.011 0.104 0.102 0.125 

Locus 259 : 
2 alleles
0.0% missing data
   0   (0.927) 0.902 0.942 0.962 0.976 
   1   (0.073) 0.098 0.058 0.038 0.024 

Locus 260 : 
2 alleles
39.0% missing data
   0   (0.753) 0.834 0.774 0.686 0.806 
   1   (0.247) 0.166 0.226 0.314 0.194 

Locus 261 : 
2 alleles
53.7% missing data
   0   (0.913) 0.985 0.934 0.876 0.933 
   1   (0.087) 0.015 0.066 0.124 0.067 

Locus 262 : 
2 alleles
37.8% missing data
   0   (0.883) 0.858 0.919 0.889 0.930 
   1   (0.117) 0.142 0.081 0.111 0.070 

Locus 263 : 
2 alleles
8.5% missing data
   0   (0.681) 0.679 0.727 0.533 0.774 
   1   (0.319) 0.321 0.273 0.467 0.226 

Locus 264 : 
2 alleles
45.1% missing data
   0   (0.298) 0.188 0.322 0.279 0.285 
   1   (0.702) 0.812 0.678 0.721 0.715 

Locus 265 : 
2 alleles
8.5% missing data
   0   (0.877) 0.967 0.903 0.919 0.850 
   1   (0.123) 0.033 0.097 0.081 0.150 

Locus 266 : 
2 alleles
15.9% missing data
   0   (0.897) 0.989 0.878 0.784 0.945 
   1   (0.103) 0.011 0.122 0.216 0.055 

Locus 267 : 
2 alleles
0.0% missing data
   0   (0.377) 0.297 0.372 0.409 0.339 
   1   (0.623) 0.703 0.628 0.591 0.661 

Locus 268 : 
2 alleles
3.7% missing data
   0   (0.577) 0.620 0.591 0.637 0.526 
   1   (0.423) 0.380 0.409 0.363 0.474 

Locus 269 : 
2 alleles
31.7% missing data
   0   (0.458) 0.589 0.442 0.451 0.397 
   1   (0.542) 0.411 0.558 0.549 0.603 

Locus 270 : 
2 alleles
1.2% missing data
   0   (0.628) 0.611 0.515 0.720 0.672 
   1   (0.372) 0.389 0.485 0.280 0.328 

Locus 271 : 
2 alleles
3.7% missing data
   0   (0.887) 0.643 0.924 0.968 0.894 
   1   (0.113) 0.357 0.076 0.032 0.106 

Locus 272 : 
2 alleles
14.6% missing data
   0   (0.908) 0.956 0.892 0.937 0.953 
   1   (0.092) 0.044 0.108 0.063 0.047 

Locus 273 : 
2 alleles
61.0% missing data
   0   (0.919) 0.753 0.936 0.979 0.933 
   1   (0.081) 0.247 0.064 0.021 0.067 

Locus 274 : 
2 alleles
6.1% missing data
   0   (0.927) 0.939 0.955 0.962 0.961 
   1   (0.073) 0.061 0.045 0.038 0.039 

Locus 275 : 
2 alleles
58.5% missing data
   0   (0.849) 0.669 0.873 0.923 0.881 
   1   (0.151) 0.331 0.127 0.077 0.119 

Locus 276 : 
2 alleles
2.4% missing data
   0   (0.821) 0.949 0.832 0.831 0.823 
   1   (0.179) 0.051 0.168 0.169 0.177 

Locus 277 : 
2 alleles
4.9% missing data
   0   (0.908) 0.924 0.938 0.894 0.963 
   1   (0.092) 0.076 0.062 0.106 0.037 

Locus 278 : 
2 alleles
32.9% missing data
   1   (0.751) 0.829 0.788 0.786 0.731 
   0   (0.249) 0.171 0.212 0.214 0.269 

Locus 279 : 
2 alleles
15.9% missing data
   0   (0.905) 0.605 0.910 0.961 0.964 
   1   (0.095) 0.395 0.090 0.039 0.036 

Locus 280 : 
2 alleles
2.4% missing data
   0   (0.901) 0.992 0.915 0.855 0.912 
   1   (0.099) 0.008 0.085 0.145 0.088 

Locus 281 : 
2 alleles
0.0% missing data
   0   (0.800) 0.974 0.795 0.750 0.787 
   1   (0.200) 0.026 0.205 0.250 0.213 

Locus 282 : 
2 alleles
9.8% missing data
   0   (0.771) 0.626 0.714 0.886 0.798 
   1   (0.229) 0.374 0.286 0.114 0.202 

Locus 283 : 
2 alleles
1.2% missing data
   0   (0.857) 0.925 0.877 0.904 0.859 
   1   (0.143) 0.075 0.123 0.096 0.141 

Locus 284 : 
2 alleles
1.2% missing data
   0   (0.858) 0.780 0.898 0.890 0.900 
   1   (0.142) 0.220 0.102 0.110 0.100 

Locus 285 : 
2 alleles
1.2% missing data
   0   (0.719) 0.880 0.755 0.787 0.577 
   1   (0.281) 0.120 0.245 0.213 0.423 

Locus 286 : 
2 alleles
11.0% missing data
   0   (0.918) 0.934 0.951 0.933 0.961 
   1   (0.082) 0.066 0.049 0.067 0.039 

Locus 287 : 
2 alleles
3.7% missing data
   0   (0.880) 0.940 0.905 0.928 0.887 
   1   (0.120) 0.060 0.095 0.072 0.113 

Locus 288 : 
2 alleles
6.1% missing data
   0   (0.111) 0.020 0.129 0.200 0.041 
   1   (0.889) 0.980 0.871 0.800 0.959 

Locus 289 : 
2 alleles
8.5% missing data
   0   (0.752) 0.810 0.752 0.767 0.796 
   1   (0.248) 0.190 0.248 0.233 0.204 

Locus 290 : 
2 alleles
12.2% missing data
   0   (0.373) 0.297 0.400 0.477 0.301 
   1   (0.627) 0.703 0.600 0.523 0.699 

Locus 291 : 
2 alleles
35.4% missing data
   0   (0.776) 0.693 0.734 0.868 0.802 
   1   (0.224) 0.307 0.266 0.132 0.198 

Locus 292 : 
2 alleles
12.2% missing data
   0   (0.865) 0.892 0.889 0.897 0.891 
   1   (0.135) 0.108 0.111 0.103 0.109 

Locus 293 : 
2 alleles
20.7% missing data
   0   (0.834) 0.873 0.859 0.918 0.778 
   1   (0.166) 0.127 0.141 0.082 0.222 

Locus 294 : 
2 alleles
36.6% missing data
   1   (0.438) 0.140 0.429 0.814 0.264 
   0   (0.562) 0.860 0.571 0.186 0.736 

Locus 295 : 
2 alleles
11.0% missing data
   0   (0.808) 0.727 0.873 0.773 0.865 
   1   (0.192) 0.273 0.127 0.227 0.135 

Locus 296 : 
2 alleles
9.8% missing data
   0   (0.933) 0.612 0.946 0.980 0.979 
   1   (0.067) 0.388 0.054 0.020 0.021 

Locus 297 : 
2 alleles
11.0% missing data
   0   (0.866) 0.816 0.827 0.924 0.939 
   1   (0.134) 0.184 0.173 0.076 0.061 

Locus 298 : 
2 alleles
22.0% missing data
   0   (0.761) 0.873 0.719 0.806 0.794 
   1   (0.239) 0.127 0.281 0.194 0.206 

Locus 299 : 
2 alleles
3.7% missing data
   0   (0.212) 0.083 0.178 0.146 0.293 
   1   (0.788) 0.917 0.822 0.854 0.707 

Locus 300 : 
2 alleles
22.0% missing data
   1   (0.363) 0.608 0.433 0.311 0.215 
   0   (0.637) 0.392 0.567 0.689 0.785 

Values of parameters used in structure:
DATAFILE=/Users/Amy 1/Desktop/Population_Genetics/Lab/R/Lab_8/Lab8/project_data,	OUTFILE=/Users/Amy 1/Desktop/Population_Genetics/Lab/R/Lab_8/Lab8/Set_One/Results/Set_One_run_11,	NUMINDS=82,	NUMLOCI=300,	MISSING=-9,	LABEL=1,	POPDATA=1,	POPFLAG=0,	PHENOTYPE=0,	EXTRACOLS=0,	MAXPOPS=4,	BURNIN=5000,	NUMREPS=10000,	USEPOPINFO=0,	INFERALPHA=1,	INFERLAMBDA=0,	POPSPECIFICLAMBDA=0,	POPALPHAS=0,	COMPUTEPROB=1,	NOADMIX=0,	ADMBURNIN=2500,	UPDATEFREQ=1,	PRINTLIKES=0,	INTERMEDSAVE=0,	PRINTKLD=0,	PRINTNET=0,	PRINTLAMBDA=0,	ANCESTDIST=0,	NUMBOXES=1000,	ANCESTPINT=0.90000,	GENSBACK=2,	MIGRPRIOR=0.05000,	PRINTQHAT=0,	PRINTQSUM=0,	ALPHA=1.0000,	FREQSCORR=1,	FPRIORMEAN=0.0100,	FPRIORSD=0.0500,	ONEFST=0,	LAMBDA=1.0000,	UNIFPRIORALPHA=1,	ALPHAMAX=10.0000,	ALPHAPRIORA=1.0000,	ALPHAPRIORB=2.0000,	ALPHAPROPSD=0.0250,	STARTATPOPINFO=0,	RANDOMIZE=1,	LINKAGE=0,	METROFREQ=10,	REPORTHITRATE=0,	MARKOVPHASE=-1,	PHASED=0,	PLOIDY=2,	PHASEINFO=0	LOCPRIOR=0, 	LOCPRIORINIT=1.000000, 	LOCDATA=0, 	LOCISPOP=0, 	LOCPRIORSTEP=0.100000, 	MAXLOCPRIOR=20.000000, 	SEED=1571413049,	
[STRAT parameters]:    NUMSIMSTATS=1000,	PHENOTYPECOL=-9,	POOLFREQ=10,	LOCUSxONLY=0,	EMERROR=0.00100,	MISSINGPHENO=-9,	