

----------------------------------------------------
STRUCTURE by Pritchard, Stephens and Donnelly (2000)
     and Falush, Stephens and Pritchard (2003)
       Code by Pritchard, Falush and Hubisz
             Version 2.3.4 (Jul 2012)
----------------------------------------------------



Command line arguments:   bin/structure -m "/Users/Amy 1/Desktop/Population_Genetics/Lab/R/Lab_8/Lab8/Set_One/mainparams" -e "/Users/Amy 1/Desktop/Population_Genetics/Lab/R/Lab_8/Lab8/Set_One/extraparams" 
Input File:    /Users/Amy 1/Desktop/Population_Genetics/Lab/R/Lab_8/Lab8/project_data

Run parameters:
   82 individuals
   300 loci
   5 populations assumed
   5000 Burn-in period
   10000 Reps


--------------------------------------------
Proportion of membership of each pre-defined
 population in each of the 5 clusters

Given    Inferred Clusters                     Number of
 Pop       1      2      3      4      5      Individuals

  1:     0.017  0.007  0.755  0.210  0.011       26
  2:     0.005  0.146  0.008  0.008  0.832       36
  3:     0.932  0.005  0.020  0.031  0.012       20
--------------------------------------------

Allele-freq. divergence among pops (Net nucleotide distance),
computed using point estimates of P.

      1       2       3       4       5      
 1      -    0.0337  0.0121  0.0074  0.0239  
 2   0.0337     -    0.0282  0.0239  0.0226  
 3   0.0121  0.0282     -    0.0023  0.0199  
 4   0.0074  0.0239  0.0023     -    0.0139  
 5   0.0239  0.0226  0.0199  0.0139     -    

Average distances (expected heterozygosity) between individuals in same cluster:
cluster  1  : 0.2445 
cluster  2  : 0.2038 
cluster  3  : 0.2510 
cluster  4  : 0.2675 
cluster  5  : 0.2319 

--------------------------------------------
Estimated Ln Prob of Data   = -15617.0
Mean value of ln likelihood = -15245.5
Variance of ln likelihood   = 743.0
Mean value of alpha         = 0.0372

Mean value of Fst_1         = 0.0809
Mean value of Fst_2         = 0.3208
Mean value of Fst_3         = 0.0600
Mean value of Fst_4         = 0.0394
Mean value of Fst_5         = 0.1322


Inferred ancestry of individuals:
        Label (%Miss) Pop:  Inferred clusters
  1     1001    (3)    3 :  0.987 0.003 0.005 0.004 0.001 
  2     1002    (5)    3 :  0.910 0.004 0.011 0.051 0.024 
  3     1003    (3)    3 :  0.967 0.001 0.014 0.014 0.004 
  4     1004    (3)    3 :  0.843 0.004 0.114 0.034 0.005 
  5     1005    (7)    3 :  0.981 0.004 0.006 0.003 0.006 
  6     1006    (9)    3 :  0.979 0.003 0.008 0.007 0.004 
  7     1007    (4)    3 :  0.967 0.004 0.010 0.015 0.003 
  8     1008    (6)    3 :  0.980 0.005 0.006 0.004 0.005 
  9     1009    (4)    3 :  0.838 0.002 0.110 0.040 0.009 
 10     1010    (6)    3 :  0.962 0.002 0.019 0.015 0.002 
 11     1011    (5)    3 :  0.989 0.003 0.002 0.004 0.002 
 12     1012    (3)    3 :  0.826 0.018 0.025 0.094 0.037 
 13     1013    (3)    3 :  0.965 0.003 0.007 0.012 0.012 
 14     1014    (5)    3 :  0.975 0.001 0.006 0.011 0.007 
 15     1015    (5)    3 :  0.971 0.014 0.006 0.005 0.004 
 16     1016    (2)    3 :  0.983 0.004 0.003 0.006 0.003 
 17     1017    (4)    3 :  0.567 0.024 0.029 0.283 0.096 
 18     1018    (4)    3 :  0.985 0.002 0.004 0.007 0.002 
 19     1019    (2)    3 :  0.968 0.005 0.014 0.009 0.004 
 20     1020    (3)    3 :  0.988 0.002 0.002 0.005 0.003 
 21     1601   (19)    2 :  0.003 0.011 0.010 0.012 0.966 
 22     1602    (7)    2 :  0.006 0.020 0.003 0.004 0.968 
 23     1603    (5)    2 :  0.002 0.009 0.005 0.006 0.979 
 24     1604    (7)    2 :  0.004 0.003 0.003 0.003 0.988 
 25     1605    (7)    2 :  0.001 0.004 0.002 0.002 0.990 
 26     1606    (9)    2 :  0.003 0.087 0.006 0.004 0.901 
 27     1607   (15)    2 :  0.016 0.139 0.010 0.021 0.815 
 28     1608   (13)    2 :  0.003 0.006 0.004 0.004 0.983 
 29     1609   (10)    2 :  0.004 0.033 0.015 0.013 0.935 
 30     1610    (8)    2 :  0.004 0.005 0.003 0.002 0.985 
 31     1611   (19)    2 :  0.001 0.005 0.003 0.002 0.989 
 32     1612   (10)    2 :  0.017 0.010 0.008 0.011 0.953 
 33     1613    (7)    2 :  0.010 0.027 0.021 0.018 0.924 
 34     1614   (10)    2 :  0.002 0.002 0.001 0.003 0.991 
 35     1615    (7)    2 :  0.003 0.001 0.005 0.006 0.984 
 36     1616    (7)    2 :  0.005 0.014 0.003 0.006 0.973 
 37     1617    (9)    2 :  0.006 0.090 0.013 0.007 0.884 
 38     1618   (23)    2 :  0.002 0.018 0.004 0.005 0.971 
 39     1619   (12)    2 :  0.003 0.029 0.010 0.045 0.913 
 40     1620   (15)    2 :  0.003 0.007 0.002 0.003 0.986 
 41     1621   (11)    2 :  0.001 0.340 0.001 0.003 0.655 
 42     1622   (16)    2 :  0.003 0.011 0.007 0.008 0.971 
 43     1623   (12)    2 :  0.004 0.022 0.008 0.003 0.964 
 44     1624   (15)    2 :  0.003 0.303 0.001 0.004 0.689 
 45     1625    (5)    2 :  0.020 0.043 0.008 0.011 0.919 
 46     1626    (8)    2 :  0.013 0.001 0.007 0.003 0.976 
 47     1627   (18)    2 :  0.005 0.011 0.066 0.018 0.900 
 48     1628   (24)    2 :  0.006 0.012 0.004 0.012 0.966 
 49     1629   (21)    2 :  0.003 0.018 0.009 0.003 0.968 
 50     1630   (33)    2 :  0.018 0.002 0.004 0.025 0.951 
 51     1631   (30)    2 :  0.006 0.003 0.009 0.010 0.972 
 52     1632   (25)    2 :  0.002 0.966 0.002 0.002 0.028 
 53     1633   (20)    2 :  0.002 0.982 0.002 0.002 0.012 
 54     1634   (16)    2 :  0.005 0.951 0.004 0.005 0.036 
 55     1635   (23)    2 :  0.003 0.778 0.006 0.012 0.200 
 56     1636   (20)    2 :  0.003 0.297 0.010 0.004 0.685 
 57 1831-13469   (26)    1 :  0.002 0.002 0.979 0.014 0.003 
 58 2511-04833   (17)    1 :  0.006 0.002 0.981 0.009 0.002 
 59 2600-27318   (12)    1 :  0.021 0.003 0.551 0.394 0.032 
 60 2600-27353   (29)    1 :  0.034 0.003 0.343 0.609 0.011 
 61 2600-27665   (14)    1 :  0.109 0.002 0.870 0.017 0.002 
 62 2600-27679   (33)    1 :  0.005 0.003 0.931 0.056 0.004 
 63 2600-27714   (15)    1 :  0.028 0.004 0.435 0.521 0.012 
 64 2600-27772   (25)    1 :  0.014 0.002 0.739 0.240 0.005 
 65 2600-54720   (25)    1 :  0.006 0.002 0.964 0.015 0.013 
 66 2600-54869   (15)    1 :  0.010 0.009 0.739 0.235 0.007 
 67 2600-54934   (17)    1 :  0.011 0.010 0.382 0.538 0.059 
 68 2600-54936   (24)    1 :  0.009 0.006 0.803 0.179 0.003 
 69 2600-54946   (31)    1 :  0.004 0.001 0.925 0.059 0.010 
 70 2600-54962   (18)    1 :  0.003 0.003 0.975 0.016 0.002 
 71 2600-54972   (19)    1 :  0.008 0.017 0.934 0.036 0.005 
 72 2600-54979   (17)    1 :  0.033 0.010 0.858 0.090 0.009 
 73 2640-97014   (38)    1 :  0.007 0.045 0.853 0.090 0.005 
 74 2640-97015   (11)    1 :  0.002 0.010 0.717 0.253 0.018 
 75 2640-97016   (15)    1 :  0.023 0.003 0.900 0.070 0.004 
 76 2640-97017   (28)    1 :  0.011 0.003 0.704 0.272 0.010 
 77 2640-97129   (20)    1 :  0.005 0.014 0.919 0.025 0.038 
 78 2640-97130   (57)    1 :  0.006 0.002 0.562 0.426 0.004 
 79 2640-97131   (34)    1 :  0.043 0.002 0.218 0.729 0.008 
 80 2640-97134   (37)    1 :  0.024 0.004 0.521 0.442 0.008 
 81 2640-97135   (48)    1 :  0.014 0.006 0.908 0.064 0.008 
 82 2640-97137   (19)    1 :  0.006 0.010 0.907 0.070 0.007 


Estimated Allele Frequencies in each cluster
First column gives estimated ancestral frequencies


Locus 1 : 
2 alleles
7.3% missing data
   0   (0.713) 0.828 0.572 0.714 0.709 0.697 
   1   (0.287) 0.172 0.428 0.286 0.291 0.303 

Locus 2 : 
2 alleles
12.2% missing data
   1   (0.163) 0.421 0.032 0.105 0.151 0.044 
   0   (0.837) 0.579 0.968 0.895 0.849 0.956 

Locus 3 : 
2 alleles
11.0% missing data
   0   (0.306) 0.470 0.058 0.278 0.290 0.229 
   1   (0.694) 0.530 0.942 0.722 0.710 0.771 

Locus 4 : 
2 alleles
36.6% missing data
   0   (0.845) 0.783 0.920 0.879 0.846 0.940 
   1   (0.155) 0.217 0.080 0.121 0.154 0.060 

Locus 5 : 
2 alleles
52.4% missing data
   0   (0.902) 0.948 0.911 0.932 0.905 0.919 
   1   (0.098) 0.052 0.089 0.068 0.095 0.081 

Locus 6 : 
2 alleles
15.9% missing data
   0   (0.893) 0.935 0.978 0.851 0.895 0.972 
   1   (0.107) 0.065 0.022 0.149 0.105 0.028 

Locus 7 : 
2 alleles
47.6% missing data
   0   (0.850) 0.912 0.961 0.883 0.852 0.722 
   1   (0.150) 0.088 0.039 0.117 0.148 0.278 

Locus 8 : 
2 alleles
52.4% missing data
   0   (0.827) 0.907 0.913 0.857 0.831 0.660 
   1   (0.173) 0.093 0.087 0.143 0.169 0.340 

Locus 9 : 
2 alleles
4.9% missing data
   0   (0.903) 0.957 0.983 0.933 0.904 0.871 
   1   (0.097) 0.043 0.017 0.067 0.096 0.129 

Locus 10 : 
2 alleles
1.2% missing data
   1   (0.748) 0.743 0.945 0.768 0.752 0.721 
   0   (0.252) 0.257 0.055 0.232 0.248 0.279 

Locus 11 : 
2 alleles
0.0% missing data
   0   (0.899) 0.846 0.953 0.966 0.909 0.905 
   1   (0.101) 0.154 0.047 0.034 0.091 0.095 

Locus 12 : 
2 alleles
7.3% missing data
   0   (0.951) 0.972 0.990 0.981 0.963 0.966 
   1   (0.049) 0.028 0.010 0.019 0.037 0.034 

Locus 13 : 
2 alleles
18.3% missing data
   1   (0.911) 0.879 0.982 0.947 0.933 0.952 
   0   (0.089) 0.121 0.018 0.053 0.067 0.048 

Locus 14 : 
2 alleles
6.1% missing data
   0   (0.938) 0.799 0.989 0.967 0.953 0.994 
   1   (0.062) 0.201 0.011 0.033 0.047 0.006 

Locus 15 : 
2 alleles
6.1% missing data
   0   (0.939) 0.798 0.989 0.967 0.954 0.994 
   1   (0.061) 0.202 0.011 0.033 0.046 0.006 

Locus 16 : 
2 alleles
8.5% missing data
   0   (0.943) 0.969 0.989 0.981 0.954 0.885 
   1   (0.057) 0.031 0.011 0.019 0.046 0.115 

Locus 17 : 
2 alleles
7.3% missing data
   1   (0.722) 0.819 0.485 0.735 0.735 0.663 
   0   (0.278) 0.181 0.515 0.265 0.265 0.337 

Locus 18 : 
2 alleles
43.9% missing data
   0   (0.849) 0.964 0.886 0.717 0.808 0.959 
   1   (0.151) 0.036 0.114 0.283 0.192 0.041 

Locus 19 : 
2 alleles
36.6% missing data
   0   (0.817) 0.857 0.920 0.755 0.836 0.912 
   1   (0.183) 0.143 0.080 0.245 0.164 0.088 

Locus 20 : 
2 alleles
0.0% missing data
   0   (0.796) 0.911 0.599 0.829 0.788 0.736 
   1   (0.204) 0.089 0.401 0.171 0.212 0.264 

Locus 21 : 
2 alleles
0.0% missing data
   1   (0.860) 0.814 0.974 0.930 0.830 0.900 
   0   (0.140) 0.186 0.026 0.070 0.170 0.100 

Locus 22 : 
2 alleles
4.9% missing data
   1   (0.895) 0.788 0.965 0.955 0.913 0.934 
   0   (0.105) 0.212 0.035 0.045 0.087 0.066 

Locus 23 : 
2 alleles
17.1% missing data
   0   (0.944) 0.967 0.990 0.979 0.957 0.943 
   1   (0.056) 0.033 0.010 0.021 0.043 0.057 

Locus 24 : 
2 alleles
26.8% missing data
   0   (0.944) 0.986 0.985 0.875 0.951 0.993 
   1   (0.056) 0.014 0.015 0.125 0.049 0.007 

Locus 25 : 
2 alleles
32.9% missing data
   0   (0.683) 0.712 0.908 0.619 0.667 0.794 
   1   (0.317) 0.288 0.092 0.381 0.333 0.206 

Locus 26 : 
2 alleles
3.7% missing data
   0   (0.865) 0.810 0.968 0.907 0.867 0.945 
   1   (0.135) 0.190 0.032 0.093 0.133 0.055 

Locus 27 : 
2 alleles
0.0% missing data
   0   (0.890) 0.944 0.979 0.910 0.896 0.857 
   1   (0.110) 0.056 0.021 0.090 0.104 0.143 

Locus 28 : 
2 alleles
26.8% missing data
   0   (0.890) 0.948 0.978 0.944 0.880 0.723 
   1   (0.110) 0.052 0.022 0.056 0.120 0.277 

Locus 29 : 
2 alleles
14.6% missing data
   1   (0.407) 0.647 0.082 0.331 0.405 0.334 
   0   (0.593) 0.353 0.918 0.669 0.595 0.666 

Locus 30 : 
2 alleles
31.7% missing data
   0   (0.894) 0.918 0.976 0.827 0.901 0.985 
   1   (0.106) 0.082 0.024 0.173 0.099 0.015 

Locus 31 : 
2 alleles
13.4% missing data
   0   (0.897) 0.897 0.979 0.886 0.890 0.989 
   1   (0.103) 0.103 0.021 0.114 0.110 0.011 

Locus 32 : 
2 alleles
0.0% missing data
   0   (0.866) 0.889 0.965 0.891 0.885 0.856 
   1   (0.134) 0.111 0.035 0.109 0.115 0.144 

Locus 33 : 
2 alleles
18.3% missing data
   0   (0.885) 0.886 0.822 0.950 0.912 0.815 
   1   (0.115) 0.114 0.178 0.050 0.088 0.185 

Locus 34 : 
2 alleles
20.7% missing data
   1   (0.841) 0.911 0.953 0.773 0.830 0.955 
   0   (0.159) 0.089 0.047 0.227 0.170 0.045 

Locus 35 : 
2 alleles
15.9% missing data
   0   (0.677) 0.783 0.897 0.616 0.634 0.747 
   1   (0.323) 0.217 0.103 0.384 0.366 0.253 

Locus 36 : 
2 alleles
12.2% missing data
   0   (0.932) 0.984 0.973 0.945 0.945 0.874 
   1   (0.068) 0.016 0.027 0.055 0.055 0.126 

Locus 37 : 
2 alleles
3.7% missing data
   0   (0.771) 0.793 0.381 0.840 0.808 0.725 
   1   (0.229) 0.207 0.619 0.160 0.192 0.275 

Locus 38 : 
2 alleles
18.3% missing data
   0   (0.918) 0.960 0.979 0.957 0.897 0.958 
   1   (0.082) 0.040 0.021 0.043 0.103 0.042 

Locus 39 : 
2 alleles
18.3% missing data
   0   (0.829) 0.880 0.950 0.807 0.778 0.967 
   1   (0.171) 0.120 0.050 0.193 0.222 0.033 

Locus 40 : 
2 alleles
13.4% missing data
   0   (0.786) 0.848 0.948 0.805 0.777 0.715 
   1   (0.214) 0.152 0.052 0.195 0.223 0.285 

Locus 41 : 
2 alleles
43.9% missing data
   1   (0.065) 0.137 0.034 0.033 0.062 0.010 
   0   (0.935) 0.863 0.966 0.967 0.938 0.990 

Locus 42 : 
2 alleles
3.7% missing data
   0   (0.948) 0.948 0.990 0.984 0.962 0.965 
   1   (0.052) 0.052 0.010 0.016 0.038 0.035 

Locus 43 : 
2 alleles
7.3% missing data
   0   (0.836) 0.829 0.789 0.912 0.866 0.722 
   1   (0.164) 0.171 0.211 0.088 0.134 0.278 

Locus 44 : 
2 alleles
7.3% missing data
   0   (0.959) 0.896 0.993 0.987 0.971 0.996 
   1   (0.041) 0.104 0.007 0.013 0.029 0.004 

Locus 45 : 
2 alleles
40.2% missing data
   0   (0.737) 0.797 0.890 0.715 0.709 0.842 
   1   (0.263) 0.203 0.110 0.285 0.291 0.158 

Locus 46 : 
2 alleles
11.0% missing data
   0   (0.909) 0.877 0.981 0.896 0.923 0.990 
   1   (0.091) 0.123 0.019 0.104 0.077 0.010 

Locus 47 : 
2 alleles
0.0% missing data
   0   (0.865) 0.929 0.972 0.894 0.851 0.840 
   1   (0.135) 0.071 0.028 0.106 0.149 0.160 

Locus 48 : 
2 alleles
42.7% missing data
   0   (0.958) 0.990 0.988 0.960 0.947 0.993 
   1   (0.042) 0.010 0.012 0.040 0.053 0.007 

Locus 49 : 
2 alleles
39.0% missing data
   0   (0.906) 0.925 0.978 0.908 0.888 0.985 
   1   (0.094) 0.075 0.022 0.092 0.112 0.015 

Locus 50 : 
2 alleles
4.9% missing data
   1   (0.340) 0.438 0.352 0.325 0.363 0.107 
   0   (0.660) 0.562 0.648 0.675 0.637 0.893 

Locus 51 : 
2 alleles
14.6% missing data
   0   (0.597) 0.632 0.632 0.579 0.596 0.620 
   1   (0.403) 0.368 0.368 0.421 0.404 0.380 

Locus 52 : 
2 alleles
29.3% missing data
   1   (0.316) 0.318 0.486 0.222 0.316 0.380 
   0   (0.684) 0.682 0.514 0.778 0.684 0.620 

Locus 53 : 
2 alleles
1.2% missing data
   1   (0.802) 0.861 0.959 0.776 0.783 0.893 
   0   (0.198) 0.139 0.041 0.224 0.217 0.107 

Locus 54 : 
2 alleles
11.0% missing data
   0   (0.925) 0.898 0.982 0.954 0.940 0.980 
   1   (0.075) 0.102 0.018 0.046 0.060 0.020 

Locus 55 : 
2 alleles
13.4% missing data
   0   (0.743) 0.799 0.631 0.834 0.726 0.636 
   1   (0.257) 0.201 0.369 0.166 0.274 0.364 

Locus 56 : 
2 alleles
11.0% missing data
   0   (0.858) 0.895 0.974 0.812 0.813 0.986 
   1   (0.142) 0.105 0.026 0.188 0.187 0.014 

Locus 57 : 
2 alleles
17.1% missing data
   0   (0.721) 0.638 0.843 0.782 0.752 0.605 
   1   (0.279) 0.362 0.157 0.218 0.248 0.395 

Locus 58 : 
2 alleles
20.7% missing data
   0   (0.769) 0.850 0.834 0.805 0.763 0.668 
   1   (0.231) 0.150 0.166 0.195 0.237 0.332 

Locus 59 : 
2 alleles
28.0% missing data
   0   (0.834) 0.962 0.748 0.907 0.846 0.161 
   1   (0.166) 0.038 0.252 0.093 0.154 0.839 

Locus 60 : 
2 alleles
36.6% missing data
   0   (0.344) 0.285 0.236 0.378 0.329 0.389 
   1   (0.656) 0.715 0.764 0.622 0.671 0.611 

Locus 61 : 
2 alleles
7.3% missing data
   0   (0.879) 0.673 0.979 0.951 0.869 0.973 
   1   (0.121) 0.327 0.021 0.049 0.131 0.027 

Locus 62 : 
2 alleles
2.4% missing data
   0   (0.854) 0.899 0.957 0.873 0.839 0.920 
   1   (0.146) 0.101 0.043 0.127 0.161 0.080 

Locus 63 : 
2 alleles
30.5% missing data
   0   (0.928) 0.944 0.948 0.971 0.943 0.907 
   1   (0.072) 0.056 0.052 0.029 0.057 0.093 

Locus 64 : 
2 alleles
1.2% missing data
   0   (0.792) 0.883 0.949 0.776 0.784 0.768 
   1   (0.208) 0.117 0.051 0.224 0.216 0.232 

Locus 65 : 
2 alleles
23.2% missing data
   0   (0.762) 0.792 0.912 0.719 0.772 0.843 
   1   (0.238) 0.208 0.088 0.281 0.228 0.157 

Locus 66 : 
1 alleles
6.1% missing data
   0   (1.000) 1.000 1.000 1.000 1.000 1.000 

Locus 67 : 
2 alleles
8.5% missing data
   0   (0.898) 0.960 0.207 0.951 0.923 0.862 
   1   (0.102) 0.040 0.793 0.049 0.077 0.138 

Locus 68 : 
2 alleles
34.1% missing data
   0   (0.938) 0.967 0.776 0.973 0.944 0.984 
   1   (0.062) 0.033 0.224 0.027 0.056 0.016 

Locus 69 : 
2 alleles
4.9% missing data
   0   (0.064) 0.137 0.013 0.019 0.046 0.033 
   1   (0.936) 0.863 0.987 0.981 0.954 0.967 

Locus 70 : 
2 alleles
20.7% missing data
   0   (0.875) 0.863 0.969 0.904 0.882 0.934 
   1   (0.125) 0.137 0.031 0.096 0.118 0.066 

Locus 71 : 
2 alleles
1.2% missing data
   0   (0.940) 0.969 0.990 0.946 0.934 0.994 
   1   (0.060) 0.031 0.010 0.054 0.066 0.006 

Locus 72 : 
2 alleles
12.2% missing data
   0   (0.890) 0.932 0.978 0.920 0.892 0.887 
   1   (0.110) 0.068 0.022 0.080 0.108 0.113 

Locus 73 : 
2 alleles
2.4% missing data
   0   (0.892) 0.943 0.976 0.868 0.868 0.976 
   1   (0.108) 0.057 0.024 0.132 0.132 0.024 

Locus 74 : 
2 alleles
24.4% missing data
   0   (0.957) 0.990 0.989 0.982 0.966 0.888 
   1   (0.043) 0.010 0.011 0.018 0.034 0.112 

Locus 75 : 
2 alleles
54.9% missing data
   0   (0.841) 0.923 0.940 0.814 0.820 0.907 
   1   (0.159) 0.077 0.060 0.186 0.180 0.093 

Locus 76 : 
2 alleles
41.5% missing data
   0   (0.844) 0.905 0.935 0.863 0.855 0.752 
   1   (0.156) 0.095 0.065 0.137 0.145 0.248 

Locus 77 : 
2 alleles
43.9% missing data
   1   (0.835) 0.775 0.895 0.849 0.842 0.947 
   0   (0.165) 0.225 0.105 0.151 0.158 0.053 

Locus 78 : 
2 alleles
6.1% missing data
   0   (0.597) 0.782 0.299 0.647 0.568 0.424 
   1   (0.403) 0.218 0.701 0.353 0.432 0.576 

Locus 79 : 
2 alleles
3.7% missing data
   0   (0.890) 0.940 0.977 0.919 0.888 0.894 
   1   (0.110) 0.060 0.023 0.081 0.112 0.106 

Locus 80 : 
2 alleles
0.0% missing data
   0   (0.793) 0.857 0.674 0.760 0.813 0.902 
   1   (0.207) 0.143 0.326 0.240 0.187 0.098 

Locus 81 : 
2 alleles
45.1% missing data
   0   (0.384) 0.472 0.267 0.362 0.391 0.264 
   1   (0.616) 0.528 0.733 0.638 0.609 0.736 

Locus 82 : 
2 alleles
7.3% missing data
   0   (0.875) 0.957 0.943 0.788 0.848 0.979 
   1   (0.125) 0.043 0.057 0.212 0.152 0.021 

Locus 83 : 
2 alleles
2.4% missing data
   0   (0.551) 0.591 0.356 0.584 0.551 0.516 
   1   (0.449) 0.409 0.644 0.416 0.449 0.484 

Locus 84 : 
2 alleles
18.3% missing data
   0   (0.844) 0.913 0.955 0.804 0.830 0.945 
   1   (0.156) 0.087 0.045 0.196 0.170 0.055 

Locus 85 : 
2 alleles
47.6% missing data
   0   (0.817) 0.803 0.866 0.823 0.819 0.919 
   1   (0.183) 0.197 0.134 0.177 0.181 0.081 

Locus 86 : 
2 alleles
28.0% missing data
   0   (0.830) 0.920 0.928 0.801 0.808 0.879 
   1   (0.170) 0.080 0.072 0.199 0.192 0.121 

Locus 87 : 
2 alleles
4.9% missing data
   0   (0.860) 0.873 0.967 0.884 0.879 0.855 
   1   (0.140) 0.127 0.033 0.116 0.121 0.145 

Locus 88 : 
2 alleles
51.2% missing data
   1   (0.339) 0.195 0.518 0.306 0.339 0.566 
   0   (0.661) 0.805 0.482 0.694 0.661 0.434 

Locus 89 : 
2 alleles
11.0% missing data
   0   (0.909) 0.969 0.757 0.967 0.927 0.569 
   1   (0.091) 0.031 0.243 0.033 0.073 0.431 

Locus 90 : 
2 alleles
1.2% missing data
   0   (0.895) 0.937 0.822 0.919 0.866 0.989 
   1   (0.105) 0.063 0.178 0.081 0.134 0.011 

Locus 91 : 
2 alleles
14.6% missing data
   0   (0.929) 0.863 0.988 0.953 0.932 0.993 
   1   (0.071) 0.137 0.012 0.047 0.068 0.007 

Locus 92 : 
2 alleles
9.8% missing data
   0   (0.908) 0.918 0.984 0.916 0.911 0.978 
   1   (0.092) 0.082 0.016 0.084 0.089 0.022 

Locus 93 : 
2 alleles
29.3% missing data
   1   (0.764) 0.878 0.905 0.733 0.755 0.707 
   0   (0.236) 0.122 0.095 0.267 0.245 0.293 

Locus 94 : 
2 alleles
14.6% missing data
   0   (0.562) 0.497 0.557 0.687 0.568 0.356 
   1   (0.438) 0.503 0.443 0.313 0.432 0.644 

Locus 95 : 
2 alleles
4.9% missing data
   1   (0.738) 0.809 0.447 0.803 0.741 0.704 
   0   (0.262) 0.191 0.553 0.197 0.259 0.296 

Locus 96 : 
2 alleles
14.6% missing data
   0   (0.383) 0.388 0.239 0.316 0.390 0.499 
   1   (0.617) 0.612 0.761 0.684 0.610 0.501 

Locus 97 : 
2 alleles
41.5% missing data
   0   (0.782) 0.930 0.745 0.724 0.760 0.774 
   1   (0.218) 0.070 0.255 0.276 0.240 0.226 

Locus 98 : 
2 alleles
4.9% missing data
   0   (0.786) 0.776 0.961 0.783 0.761 0.887 
   1   (0.214) 0.224 0.039 0.217 0.239 0.113 

Locus 99 : 
2 alleles
0.0% missing data
   0   (0.845) 0.782 0.973 0.858 0.855 0.942 
   1   (0.155) 0.218 0.027 0.142 0.145 0.058 

Locus 100 : 
2 alleles
2.4% missing data
   0   (0.476) 0.602 0.474 0.503 0.487 0.189 
   1   (0.524) 0.398 0.526 0.497 0.513 0.811 

Locus 101 : 
2 alleles
7.3% missing data
   1   (0.566) 0.685 0.546 0.464 0.591 0.545 
   0   (0.434) 0.315 0.454 0.536 0.409 0.455 

Locus 102 : 
2 alleles
17.1% missing data
   1   (0.629) 0.585 0.213 0.569 0.665 0.861 
   0   (0.371) 0.415 0.787 0.431 0.335 0.139 

Locus 103 : 
2 alleles
0.0% missing data
   0   (0.959) 0.872 0.993 0.988 0.970 0.996 
   1   (0.041) 0.128 0.007 0.012 0.030 0.004 

Locus 104 : 
2 alleles
17.1% missing data
   1   (0.775) 0.777 0.909 0.719 0.804 0.851 
   0   (0.225) 0.223 0.091 0.281 0.196 0.149 

Locus 105 : 
2 alleles
41.5% missing data
   1   (0.254) 0.343 0.112 0.212 0.220 0.291 
   0   (0.746) 0.657 0.888 0.788 0.780 0.709 

Locus 106 : 
2 alleles
0.0% missing data
   0   (0.854) 0.666 0.974 0.865 0.854 0.986 
   1   (0.146) 0.334 0.026 0.135 0.146 0.014 

Locus 107 : 
2 alleles
14.6% missing data
   0   (0.696) 0.846 0.570 0.664 0.671 0.749 
   1   (0.304) 0.154 0.430 0.336 0.329 0.251 

Locus 108 : 
2 alleles
1.2% missing data
   0   (0.824) 0.920 0.949 0.734 0.849 0.810 
   1   (0.176) 0.080 0.051 0.266 0.151 0.190 

Locus 109 : 
2 alleles
8.5% missing data
   0   (0.915) 0.771 0.980 0.970 0.937 0.949 
   1   (0.085) 0.229 0.020 0.030 0.063 0.051 

Locus 110 : 
2 alleles
2.4% missing data
   1   (0.659) 0.709 0.887 0.603 0.636 0.747 
   0   (0.341) 0.291 0.113 0.397 0.364 0.253 

Locus 111 : 
2 alleles
19.5% missing data
   0   (0.732) 0.783 0.690 0.685 0.737 0.862 
   1   (0.268) 0.217 0.310 0.315 0.263 0.138 

Locus 112 : 
2 alleles
51.2% missing data
   0   (0.909) 0.841 0.969 0.936 0.908 0.982 
   1   (0.091) 0.159 0.031 0.064 0.092 0.018 

Locus 113 : 
2 alleles
6.1% missing data
   1   (0.697) 0.780 0.707 0.726 0.666 0.724 
   0   (0.303) 0.220 0.293 0.274 0.334 0.276 

Locus 114 : 
2 alleles
1.2% missing data
   0   (0.846) 0.846 0.972 0.855 0.850 0.914 
   1   (0.154) 0.154 0.028 0.145 0.150 0.086 

Locus 115 : 
2 alleles
9.8% missing data
   0   (0.717) 0.665 0.795 0.759 0.729 0.761 
   1   (0.283) 0.335 0.205 0.241 0.271 0.239 

Locus 116 : 
2 alleles
7.3% missing data
   0   (0.856) 0.849 0.966 0.917 0.868 0.784 
   1   (0.144) 0.151 0.034 0.083 0.132 0.216 

Locus 117 : 
2 alleles
7.3% missing data
   0   (0.821) 0.801 0.961 0.866 0.795 0.911 
   1   (0.179) 0.199 0.039 0.134 0.205 0.089 

Locus 118 : 
2 alleles
2.4% missing data
   0   (0.876) 0.934 0.678 0.949 0.911 0.511 
   1   (0.124) 0.066 0.322 0.051 0.089 0.489 

Locus 119 : 
2 alleles
6.1% missing data
   0   (0.816) 0.896 0.817 0.784 0.862 0.746 
   1   (0.184) 0.104 0.183 0.216 0.138 0.254 

Locus 120 : 
2 alleles
9.8% missing data
   0   (0.851) 0.887 0.973 0.783 0.862 0.957 
   1   (0.149) 0.113 0.027 0.217 0.138 0.043 

Locus 121 : 
2 alleles
11.0% missing data
   0   (0.924) 0.931 0.975 0.974 0.934 0.915 
   1   (0.076) 0.069 0.025 0.026 0.066 0.085 

Locus 122 : 
2 alleles
2.4% missing data
   0   (0.812) 0.842 0.909 0.811 0.819 0.893 
   1   (0.188) 0.158 0.091 0.189 0.181 0.107 

Locus 123 : 
2 alleles
6.1% missing data
   1   (0.901) 0.898 0.982 0.943 0.914 0.908 
   0   (0.099) 0.102 0.018 0.057 0.086 0.092 

Locus 124 : 
2 alleles
34.1% missing data
   0   (0.526) 0.633 0.331 0.454 0.536 0.579 
   1   (0.474) 0.367 0.669 0.546 0.464 0.421 

Locus 125 : 
2 alleles
0.0% missing data
   0   (0.923) 0.921 0.987 0.964 0.918 0.980 
   1   (0.077) 0.079 0.013 0.036 0.082 0.020 

Locus 126 : 
2 alleles
3.7% missing data
   0   (0.887) 0.969 0.977 0.864 0.865 0.934 
   1   (0.113) 0.031 0.023 0.136 0.135 0.066 

Locus 127 : 
2 alleles
11.0% missing data
   0   (0.608) 0.472 0.916 0.664 0.613 0.571 
   1   (0.392) 0.528 0.084 0.336 0.387 0.429 

Locus 128 : 
2 alleles
56.1% missing data
   0   (0.621) 0.699 0.620 0.584 0.624 0.630 
   1   (0.379) 0.301 0.380 0.416 0.376 0.370 

Locus 129 : 
2 alleles
12.2% missing data
   1   (0.340) 0.351 0.396 0.321 0.369 0.157 
   0   (0.660) 0.649 0.604 0.679 0.631 0.843 

Locus 130 : 
2 alleles
12.2% missing data
   0   (0.818) 0.855 0.869 0.805 0.824 0.908 
   1   (0.182) 0.145 0.131 0.195 0.176 0.092 

Locus 131 : 
2 alleles
18.3% missing data
   0   (0.945) 0.951 0.988 0.958 0.951 0.994 
   1   (0.055) 0.049 0.012 0.042 0.049 0.006 

Locus 132 : 
2 alleles
0.0% missing data
   0   (0.788) 0.881 0.953 0.714 0.785 0.834 
   1   (0.212) 0.119 0.047 0.286 0.215 0.166 

Locus 133 : 
2 alleles
12.2% missing data
   0   (0.639) 0.681 0.443 0.660 0.649 0.652 
   1   (0.361) 0.319 0.557 0.340 0.351 0.348 

Locus 134 : 
2 alleles
28.0% missing data
   0   (0.777) 0.890 0.819 0.775 0.781 0.682 
   1   (0.223) 0.110 0.181 0.225 0.219 0.318 

Locus 135 : 
2 alleles
1.2% missing data
   0   (0.793) 0.876 0.819 0.762 0.819 0.801 
   1   (0.207) 0.124 0.181 0.238 0.181 0.199 

Locus 136 : 
2 alleles
1.2% missing data
   0   (0.868) 0.841 0.969 0.921 0.880 0.866 
   1   (0.132) 0.159 0.031 0.079 0.120 0.134 

Locus 137 : 
2 alleles
0.0% missing data
   0   (0.406) 0.302 0.614 0.421 0.381 0.525 
   1   (0.594) 0.698 0.386 0.579 0.619 0.475 

Locus 138 : 
2 alleles
34.1% missing data
   0   (0.824) 0.920 0.934 0.768 0.838 0.797 
   1   (0.176) 0.080 0.066 0.232 0.162 0.203 

Locus 139 : 
2 alleles
1.2% missing data
   0   (0.960) 0.886 0.993 0.989 0.973 0.996 
   1   (0.040) 0.114 0.007 0.011 0.027 0.004 

Locus 140 : 
2 alleles
9.8% missing data
   0   (0.877) 0.892 0.974 0.889 0.885 0.927 
   1   (0.123) 0.108 0.026 0.111 0.115 0.073 

Locus 141 : 
2 alleles
11.0% missing data
   0   (0.788) 0.783 0.850 0.868 0.793 0.709 
   1   (0.212) 0.217 0.150 0.132 0.207 0.291 

Locus 142 : 
2 alleles
6.1% missing data
   0   (0.285) 0.354 0.563 0.158 0.260 0.447 
   1   (0.715) 0.646 0.437 0.842 0.740 0.553 

Locus 143 : 
2 alleles
13.4% missing data
   0   (0.834) 0.830 0.843 0.870 0.814 0.949 
   1   (0.166) 0.170 0.157 0.130 0.186 0.051 

Locus 144 : 
2 alleles
1.2% missing data
   0   (0.824) 0.956 0.967 0.686 0.770 0.912 
   1   (0.176) 0.044 0.033 0.314 0.230 0.088 

Locus 145 : 
2 alleles
0.0% missing data
   0   (0.903) 0.805 0.983 0.912 0.915 0.990 
   1   (0.097) 0.195 0.017 0.088 0.085 0.010 

Locus 146 : 
2 alleles
2.4% missing data
   1   (0.625) 0.661 0.611 0.608 0.661 0.544 
   0   (0.375) 0.339 0.389 0.392 0.339 0.456 

Locus 147 : 
2 alleles
0.0% missing data
   0   (0.784) 0.626 0.957 0.842 0.814 0.790 
   1   (0.216) 0.374 0.043 0.158 0.186 0.210 

Locus 148 : 
2 alleles
4.9% missing data
   1   (0.141) 0.283 0.026 0.074 0.146 0.055 
   0   (0.859) 0.717 0.974 0.926 0.854 0.945 

Locus 149 : 
2 alleles
2.4% missing data
   0   (0.411) 0.386 0.248 0.487 0.450 0.182 
   1   (0.589) 0.614 0.752 0.513 0.550 0.818 

Locus 150 : 
2 alleles
28.0% missing data
   0   (0.809) 0.920 0.679 0.805 0.839 0.657 
   1   (0.191) 0.080 0.321 0.195 0.161 0.343 

Locus 151 : 
2 alleles
32.9% missing data
   0   (0.448) 0.303 0.615 0.535 0.462 0.340 
   1   (0.552) 0.697 0.385 0.465 0.538 0.660 

Locus 152 : 
2 alleles
12.2% missing data
   0   (0.837) 0.869 0.908 0.824 0.811 0.970 
   1   (0.163) 0.131 0.092 0.176 0.189 0.030 

Locus 153 : 
2 alleles
6.1% missing data
   0   (0.916) 0.958 0.984 0.888 0.903 0.991 
   1   (0.084) 0.042 0.016 0.112 0.097 0.009 

Locus 154 : 
2 alleles
0.0% missing data
   0   (0.945) 0.889 0.991 0.977 0.945 0.995 
   1   (0.055) 0.111 0.009 0.023 0.055 0.005 

Locus 155 : 
2 alleles
1.2% missing data
   0   (0.770) 0.710 0.930 0.771 0.781 0.885 
   1   (0.230) 0.290 0.070 0.229 0.219 0.115 

Locus 156 : 
2 alleles
15.9% missing data
   0   (0.938) 0.952 0.979 0.980 0.947 0.938 
   1   (0.062) 0.048 0.021 0.020 0.053 0.062 

Locus 157 : 
2 alleles
36.6% missing data
   1   (0.859) 0.966 0.955 0.770 0.875 0.761 
   0   (0.141) 0.034 0.045 0.230 0.125 0.239 

Locus 158 : 
2 alleles
13.4% missing data
   0   (0.756) 0.855 0.615 0.837 0.743 0.588 
   1   (0.244) 0.145 0.385 0.163 0.257 0.412 

Locus 159 : 
2 alleles
7.3% missing data
   0   (0.902) 0.902 0.983 0.957 0.916 0.835 
   1   (0.098) 0.098 0.017 0.043 0.084 0.165 

Locus 160 : 
2 alleles
3.7% missing data
   0   (0.839) 0.950 0.748 0.818 0.861 0.786 
   1   (0.161) 0.050 0.252 0.182 0.139 0.214 

Locus 161 : 
2 alleles
4.9% missing data
   0   (0.840) 0.860 0.971 0.875 0.835 0.846 
   1   (0.160) 0.140 0.029 0.125 0.165 0.154 

Locus 162 : 
2 alleles
1.2% missing data
   0   (0.055) 0.056 0.010 0.044 0.047 0.005 
   1   (0.945) 0.944 0.990 0.956 0.953 0.995 

Locus 163 : 
2 alleles
30.5% missing data
   0   (0.231) 0.225 0.342 0.190 0.212 0.196 
   1   (0.769) 0.775 0.658 0.810 0.788 0.804 

Locus 164 : 
2 alleles
13.4% missing data
   0   (0.960) 0.931 0.993 0.986 0.971 0.996 
   1   (0.040) 0.069 0.007 0.014 0.029 0.004 

Locus 165 : 
2 alleles
14.6% missing data
   0   (0.867) 0.871 0.730 0.909 0.893 0.936 
   1   (0.133) 0.129 0.270 0.091 0.107 0.064 

Locus 166 : 
2 alleles
28.0% missing data
   1   (0.678) 0.797 0.859 0.645 0.673 0.544 
   0   (0.322) 0.203 0.141 0.355 0.327 0.456 

Locus 167 : 
2 alleles
28.0% missing data
   0   (0.906) 0.929 0.956 0.935 0.916 0.947 
   1   (0.094) 0.071 0.044 0.065 0.084 0.053 

Locus 168 : 
2 alleles
2.4% missing data
   0   (0.872) 0.852 0.963 0.876 0.896 0.931 
   1   (0.128) 0.148 0.037 0.124 0.104 0.069 

Locus 169 : 
2 alleles
0.0% missing data
   1   (0.606) 0.725 0.723 0.483 0.640 0.576 
   0   (0.394) 0.275 0.277 0.517 0.360 0.424 

Locus 170 : 
2 alleles
29.3% missing data
   0   (0.799) 0.886 0.796 0.686 0.787 0.959 
   1   (0.201) 0.114 0.204 0.314 0.213 0.041 

Locus 171 : 
2 alleles
6.1% missing data
   0   (0.920) 0.942 0.817 0.949 0.918 0.992 
   1   (0.080) 0.058 0.183 0.051 0.082 0.008 

Locus 172 : 
2 alleles
14.6% missing data
   0   (0.878) 0.915 0.705 0.956 0.907 0.621 
   1   (0.122) 0.085 0.295 0.044 0.093 0.379 

Locus 173 : 
2 alleles
11.0% missing data
   0   (0.813) 0.847 0.957 0.764 0.818 0.906 
   1   (0.187) 0.153 0.043 0.236 0.182 0.094 

Locus 174 : 
2 alleles
2.4% missing data
   0   (0.833) 0.875 0.968 0.831 0.819 0.900 
   1   (0.167) 0.125 0.032 0.169 0.181 0.100 

Locus 175 : 
2 alleles
3.7% missing data
   0   (0.903) 0.857 0.969 0.956 0.922 0.921 
   1   (0.097) 0.143 0.031 0.044 0.078 0.079 

Locus 176 : 
2 alleles
6.1% missing data
   0   (0.788) 0.782 0.940 0.843 0.793 0.726 
   1   (0.212) 0.218 0.060 0.157 0.207 0.274 

Locus 177 : 
2 alleles
19.5% missing data
   0   (0.614) 0.733 0.353 0.703 0.635 0.252 
   1   (0.386) 0.267 0.647 0.297 0.365 0.748 

Locus 178 : 
2 alleles
6.1% missing data
   1   (0.866) 0.934 0.965 0.798 0.880 0.928 
   0   (0.134) 0.066 0.035 0.202 0.120 0.072 

Locus 179 : 
2 alleles
1.2% missing data
   0   (0.789) 0.837 0.959 0.701 0.803 0.894 
   1   (0.211) 0.163 0.041 0.299 0.197 0.106 

Locus 180 : 
2 alleles
2.4% missing data
   1   (0.915) 0.948 0.985 0.944 0.894 0.978 
   0   (0.085) 0.052 0.015 0.056 0.106 0.022 

Locus 181 : 
2 alleles
1.2% missing data
   0   (0.513) 0.521 0.704 0.508 0.505 0.479 
   1   (0.487) 0.479 0.296 0.492 0.495 0.521 

Locus 182 : 
2 alleles
14.6% missing data
   0   (0.618) 0.799 0.636 0.567 0.606 0.506 
   1   (0.382) 0.201 0.364 0.433 0.394 0.494 

Locus 183 : 
2 alleles
18.3% missing data
   0   (0.570) 0.407 0.104 0.830 0.666 0.087 
   1   (0.430) 0.593 0.896 0.170 0.334 0.913 

Locus 184 : 
2 alleles
42.7% missing data
   1   (0.110) 0.159 0.064 0.099 0.111 0.016 
   0   (0.890) 0.841 0.936 0.901 0.889 0.984 

Locus 185 : 
2 alleles
3.7% missing data
   0   (0.934) 0.983 0.986 0.931 0.949 0.933 
   1   (0.066) 0.017 0.014 0.069 0.051 0.067 

Locus 186 : 
2 alleles
1.2% missing data
   0   (0.943) 0.948 0.989 0.949 0.957 0.994 
   1   (0.057) 0.052 0.011 0.051 0.043 0.006 

Locus 187 : 
2 alleles
4.9% missing data
   0   (0.927) 0.923 0.986 0.932 0.934 0.992 
   1   (0.073) 0.077 0.014 0.068 0.066 0.008 

Locus 188 : 
2 alleles
3.7% missing data
   1   (0.868) 0.968 0.792 0.827 0.862 0.949 
   0   (0.132) 0.032 0.208 0.173 0.138 0.051 

Locus 189 : 
2 alleles
35.4% missing data
   1   (0.699) 0.593 0.880 0.744 0.701 0.763 
   0   (0.301) 0.407 0.120 0.256 0.299 0.237 

Locus 190 : 
2 alleles
54.9% missing data
   1   (0.188) 0.192 0.053 0.158 0.190 0.175 
   0   (0.812) 0.808 0.947 0.842 0.810 0.825 

Locus 191 : 
2 alleles
1.2% missing data
   0   (0.924) 0.898 0.985 0.977 0.932 0.917 
   1   (0.076) 0.102 0.015 0.023 0.068 0.083 

Locus 192 : 
2 alleles
6.1% missing data
   0   (0.849) 0.862 0.965 0.891 0.838 0.882 
   1   (0.151) 0.138 0.035 0.109 0.162 0.118 

Locus 193 : 
2 alleles
3.7% missing data
   0   (0.922) 0.982 0.738 0.946 0.944 0.916 
   1   (0.078) 0.018 0.262 0.054 0.056 0.084 

Locus 194 : 
2 alleles
1.2% missing data
   1   (0.850) 0.847 0.973 0.896 0.855 0.838 
   0   (0.150) 0.153 0.027 0.104 0.145 0.162 

Locus 195 : 
2 alleles
1.2% missing data
   0   (0.950) 0.988 0.992 0.980 0.952 0.936 
   1   (0.050) 0.012 0.008 0.020 0.048 0.064 

Locus 196 : 
2 alleles
1.2% missing data
   0   (0.897) 0.915 0.944 0.959 0.896 0.879 
   1   (0.103) 0.085 0.056 0.041 0.104 0.121 

Locus 197 : 
2 alleles
28.0% missing data
   0   (0.727) 0.870 0.629 0.696 0.728 0.678 
   1   (0.273) 0.130 0.371 0.304 0.272 0.322 

Locus 198 : 
2 alleles
1.2% missing data
   0   (0.875) 0.932 0.941 0.914 0.883 0.819 
   1   (0.125) 0.068 0.059 0.086 0.117 0.181 

Locus 199 : 
2 alleles
8.5% missing data
   0   (0.898) 0.960 0.975 0.903 0.910 0.860 
   1   (0.102) 0.040 0.025 0.097 0.090 0.140 

Locus 200 : 
2 alleles
0.0% missing data
   0   (0.856) 0.809 0.919 0.894 0.858 0.954 
   1   (0.144) 0.191 0.081 0.106 0.142 0.046 

Locus 201 : 
2 alleles
2.4% missing data
   0   (0.768) 0.738 0.498 0.865 0.788 0.723 
   1   (0.232) 0.262 0.502 0.135 0.212 0.277 

Locus 202 : 
2 alleles
2.4% missing data
   0   (0.958) 0.865 0.993 0.988 0.970 0.996 
   1   (0.042) 0.135 0.007 0.012 0.030 0.004 

Locus 203 : 
2 alleles
13.4% missing data
   0   (0.892) 0.923 0.746 0.944 0.909 0.931 
   1   (0.108) 0.077 0.254 0.056 0.091 0.069 

Locus 204 : 
2 alleles
12.2% missing data
   0   (0.928) 0.966 0.985 0.868 0.934 0.992 
   1   (0.072) 0.034 0.015 0.132 0.066 0.008 

Locus 205 : 
2 alleles
19.5% missing data
   0   (0.879) 0.966 0.945 0.886 0.873 0.806 
   1   (0.121) 0.034 0.055 0.114 0.127 0.194 

Locus 206 : 
2 alleles
30.5% missing data
   0   (0.927) 0.963 0.820 0.966 0.941 0.962 
   1   (0.073) 0.037 0.180 0.034 0.059 0.038 

Locus 207 : 
2 alleles
1.2% missing data
   0   (0.942) 0.986 0.450 0.983 0.959 0.895 
   1   (0.058) 0.014 0.550 0.017 0.041 0.105 

Locus 208 : 
2 alleles
0.0% missing data
   0   (0.914) 0.843 0.985 0.943 0.911 0.991 
   1   (0.086) 0.157 0.015 0.057 0.089 0.009 

Locus 209 : 
2 alleles
13.4% missing data
   1   (0.603) 0.550 0.433 0.570 0.629 0.779 
   0   (0.397) 0.450 0.567 0.430 0.371 0.221 

Locus 210 : 
2 alleles
17.1% missing data
   0   (0.918) 0.981 0.875 0.938 0.930 0.922 
   1   (0.082) 0.019 0.125 0.062 0.070 0.078 

Locus 211 : 
2 alleles
18.3% missing data
   0   (0.849) 0.935 0.423 0.867 0.867 0.870 
   1   (0.151) 0.065 0.577 0.133 0.133 0.130 

Locus 212 : 
2 alleles
4.9% missing data
   0   (0.858) 0.929 0.957 0.860 0.840 0.917 
   1   (0.142) 0.071 0.043 0.140 0.160 0.083 

Locus 213 : 
2 alleles
0.0% missing data
   0   (0.929) 0.923 0.987 0.944 0.931 0.993 
   1   (0.071) 0.077 0.013 0.056 0.069 0.007 

Locus 214 : 
2 alleles
4.9% missing data
   0   (0.960) 0.990 0.986 0.988 0.972 0.872 
   1   (0.040) 0.010 0.014 0.012 0.028 0.128 

Locus 215 : 
2 alleles
3.7% missing data
   1   (0.808) 0.731 0.953 0.889 0.817 0.747 
   0   (0.192) 0.269 0.047 0.111 0.183 0.253 

Locus 216 : 
2 alleles
28.0% missing data
   0   (0.849) 0.752 0.968 0.839 0.843 0.981 
   1   (0.151) 0.248 0.032 0.161 0.157 0.019 

Locus 217 : 
2 alleles
37.8% missing data
   0   (0.958) 0.970 0.989 0.976 0.962 0.994 
   1   (0.042) 0.030 0.011 0.024 0.038 0.006 

Locus 218 : 
2 alleles
43.9% missing data
   0   (0.921) 0.923 0.837 0.955 0.930 0.977 
   1   (0.079) 0.077 0.163 0.045 0.070 0.023 

Locus 219 : 
2 alleles
29.3% missing data
   0   (0.480) 0.446 0.420 0.555 0.481 0.354 
   1   (0.520) 0.554 0.580 0.445 0.519 0.646 

Locus 220 : 
2 alleles
35.4% missing data
   0   (0.549) 0.684 0.718 0.448 0.509 0.676 
   1   (0.451) 0.316 0.282 0.552 0.491 0.324 

Locus 221 : 
2 alleles
17.1% missing data
   1   (0.531) 0.586 0.424 0.562 0.533 0.396 
   0   (0.469) 0.414 0.576 0.438 0.467 0.604 

Locus 222 : 
2 alleles
32.9% missing data
   0   (0.805) 0.888 0.631 0.874 0.817 0.601 
   1   (0.195) 0.112 0.369 0.126 0.183 0.399 

Locus 223 : 
2 alleles
3.7% missing data
   0   (0.900) 0.941 0.967 0.900 0.915 0.949 
   1   (0.100) 0.059 0.033 0.100 0.085 0.051 

Locus 224 : 
2 alleles
6.1% missing data
   1   (0.872) 0.965 0.908 0.858 0.873 0.871 
   0   (0.128) 0.035 0.092 0.142 0.127 0.129 

Locus 225 : 
2 alleles
0.0% missing data
   0   (0.900) 0.863 0.980 0.901 0.921 0.979 
   1   (0.100) 0.137 0.020 0.099 0.079 0.021 

Locus 226 : 
2 alleles
12.2% missing data
   0   (0.893) 0.882 0.980 0.860 0.918 0.975 
   1   (0.107) 0.118 0.020 0.140 0.082 0.025 

Locus 227 : 
2 alleles
39.0% missing data
   1   (0.522) 0.534 0.540 0.554 0.520 0.433 
   0   (0.478) 0.466 0.460 0.446 0.480 0.567 

Locus 228 : 
2 alleles
4.9% missing data
   0   (0.914) 0.980 0.586 0.962 0.938 0.650 
   1   (0.086) 0.020 0.414 0.038 0.062 0.350 

Locus 229 : 
2 alleles
7.3% missing data
   0   (0.956) 0.917 0.992 0.985 0.961 0.995 
   1   (0.044) 0.083 0.008 0.015 0.039 0.005 

Locus 230 : 
2 alleles
63.4% missing data
   0   (0.818) 0.875 0.664 0.812 0.836 0.889 
   1   (0.182) 0.125 0.336 0.188 0.164 0.111 

Locus 231 : 
2 alleles
12.2% missing data
   0   (0.522) 0.613 0.503 0.489 0.522 0.453 
   1   (0.478) 0.387 0.497 0.511 0.478 0.547 

Locus 232 : 
2 alleles
4.9% missing data
   1   (0.578) 0.635 0.449 0.589 0.553 0.663 
   0   (0.422) 0.365 0.551 0.411 0.447 0.337 

Locus 233 : 
2 alleles
61.0% missing data
   0   (0.806) 0.896 0.802 0.803 0.799 0.828 
   1   (0.194) 0.104 0.198 0.197 0.201 0.172 

Locus 234 : 
2 alleles
14.6% missing data
   0   (0.545) 0.585 0.787 0.517 0.539 0.496 
   1   (0.455) 0.415 0.213 0.483 0.461 0.504 

Locus 235 : 
2 alleles
6.1% missing data
   0   (0.906) 0.940 0.588 0.958 0.932 0.912 
   1   (0.094) 0.060 0.412 0.042 0.068 0.088 

Locus 236 : 
2 alleles
11.0% missing data
   1   (0.704) 0.880 0.723 0.602 0.694 0.717 
   0   (0.296) 0.120 0.277 0.398 0.306 0.283 

Locus 237 : 
2 alleles
35.4% missing data
   0   (0.946) 0.987 0.391 0.976 0.953 0.974 
   1   (0.054) 0.013 0.609 0.024 0.047 0.026 

Locus 238 : 
2 alleles
12.2% missing data
   0   (0.212) 0.349 0.311 0.161 0.172 0.104 
   1   (0.788) 0.651 0.689 0.839 0.828 0.896 

Locus 239 : 
2 alleles
23.2% missing data
   0   (0.882) 0.953 0.945 0.874 0.892 0.899 
   1   (0.118) 0.047 0.055 0.126 0.108 0.101 

Locus 240 : 
2 alleles
31.7% missing data
   0   (0.762) 0.899 0.748 0.742 0.765 0.638 
   1   (0.238) 0.101 0.252 0.258 0.235 0.362 

Locus 241 : 
2 alleles
18.3% missing data
   0   (0.889) 0.856 0.976 0.889 0.911 0.970 
   1   (0.111) 0.144 0.024 0.111 0.089 0.030 

Locus 242 : 
2 alleles
1.2% missing data
   0   (0.810) 0.821 0.963 0.837 0.779 0.895 
   1   (0.190) 0.179 0.037 0.163 0.221 0.105 

Locus 243 : 
2 alleles
17.1% missing data
   0   (0.511) 0.493 0.740 0.412 0.527 0.650 
   1   (0.489) 0.507 0.260 0.588 0.473 0.350 

Locus 244 : 
2 alleles
28.0% missing data
   0   (0.907) 0.958 0.976 0.897 0.908 0.969 
   1   (0.093) 0.042 0.024 0.103 0.092 0.031 

Locus 245 : 
2 alleles
9.8% missing data
   0   (0.906) 0.911 0.984 0.842 0.923 0.991 
   1   (0.094) 0.089 0.016 0.158 0.077 0.009 

Locus 246 : 
2 alleles
58.5% missing data
   0   (0.915) 0.942 0.932 0.932 0.905 0.975 
   1   (0.085) 0.058 0.068 0.068 0.095 0.025 

Locus 247 : 
2 alleles
41.5% missing data
   0   (0.762) 0.831 0.718 0.754 0.754 0.860 
   1   (0.238) 0.169 0.282 0.246 0.246 0.140 

Locus 248 : 
2 alleles
2.4% missing data
   0   (0.942) 0.986 0.988 0.936 0.948 0.981 
   1   (0.058) 0.014 0.012 0.064 0.052 0.019 

Locus 249 : 
2 alleles
20.7% missing data
   0   (0.895) 0.975 0.834 0.921 0.900 0.851 
   1   (0.105) 0.025 0.166 0.079 0.100 0.149 

Locus 250 : 
2 alleles
7.3% missing data
   0   (0.791) 0.693 0.936 0.790 0.824 0.887 
   1   (0.209) 0.307 0.064 0.210 0.176 0.113 

Locus 251 : 
2 alleles
47.6% missing data
   1   (0.245) 0.442 0.104 0.253 0.241 0.052 
   0   (0.755) 0.558 0.896 0.747 0.759 0.948 

Locus 252 : 
2 alleles
50.0% missing data
   0   (0.732) 0.828 0.583 0.714 0.732 0.784 
   1   (0.268) 0.172 0.417 0.286 0.268 0.216 

Locus 253 : 
2 alleles
26.8% missing data
   1   (0.098) 0.202 0.287 0.047 0.085 0.012 
   0   (0.902) 0.798 0.713 0.953 0.915 0.988 

Locus 254 : 
2 alleles
2.4% missing data
   0   (0.737) 0.760 0.506 0.800 0.778 0.584 
   1   (0.263) 0.240 0.494 0.200 0.222 0.416 

Locus 255 : 
2 alleles
4.9% missing data
   1   (0.606) 0.632 0.917 0.539 0.574 0.732 
   0   (0.394) 0.368 0.083 0.461 0.426 0.268 

Locus 256 : 
2 alleles
0.0% missing data
   1   (0.889) 0.896 0.977 0.912 0.899 0.949 
   0   (0.111) 0.104 0.023 0.088 0.101 0.051 

Locus 257 : 
2 alleles
24.4% missing data
   0   (0.949) 0.971 0.986 0.977 0.958 0.976 
   1   (0.051) 0.029 0.014 0.023 0.042 0.024 

Locus 258 : 
2 alleles
15.9% missing data
   0   (0.899) 0.901 0.976 0.880 0.896 0.988 
   1   (0.101) 0.099 0.024 0.120 0.104 0.012 

Locus 259 : 
2 alleles
0.0% missing data
   0   (0.933) 0.965 0.988 0.976 0.939 0.887 
   1   (0.067) 0.035 0.012 0.024 0.061 0.113 

Locus 260 : 
2 alleles
39.0% missing data
   0   (0.769) 0.692 0.897 0.813 0.776 0.819 
   1   (0.231) 0.308 0.103 0.187 0.224 0.181 

Locus 261 : 
2 alleles
53.7% missing data
   0   (0.917) 0.879 0.965 0.940 0.921 0.984 
   1   (0.083) 0.121 0.035 0.060 0.079 0.016 

Locus 262 : 
2 alleles
37.8% missing data
   0   (0.889) 0.894 0.976 0.934 0.902 0.834 
   1   (0.111) 0.106 0.024 0.066 0.098 0.166 

Locus 263 : 
2 alleles
8.5% missing data
   0   (0.694) 0.535 0.616 0.768 0.747 0.693 
   1   (0.306) 0.465 0.384 0.232 0.253 0.307 

Locus 264 : 
2 alleles
45.1% missing data
   0   (0.281) 0.285 0.275 0.281 0.275 0.172 
   1   (0.719) 0.715 0.725 0.719 0.725 0.828 

Locus 265 : 
2 alleles
8.5% missing data
   0   (0.880) 0.924 0.973 0.856 0.878 0.962 
   1   (0.120) 0.076 0.027 0.144 0.122 0.038 

Locus 266 : 
2 alleles
15.9% missing data
   0   (0.912) 0.780 0.983 0.936 0.929 0.988 
   1   (0.088) 0.220 0.017 0.064 0.071 0.012 

Locus 267 : 
2 alleles
0.0% missing data
   0   (0.381) 0.405 0.467 0.331 0.396 0.267 
   1   (0.619) 0.595 0.533 0.669 0.604 0.733 

Locus 268 : 
2 alleles
3.7% missing data
   0   (0.574) 0.641 0.696 0.525 0.567 0.605 
   1   (0.426) 0.359 0.304 0.475 0.433 0.395 

Locus 269 : 
2 alleles
31.7% missing data
   0   (0.458) 0.446 0.513 0.415 0.442 0.592 
   1   (0.542) 0.554 0.487 0.585 0.558 0.408 

Locus 270 : 
2 alleles
1.2% missing data
   0   (0.640) 0.716 0.705 0.635 0.643 0.596 
   1   (0.360) 0.284 0.295 0.365 0.357 0.404 

Locus 271 : 
2 alleles
3.7% missing data
   0   (0.853) 0.960 0.596 0.906 0.843 0.658 
   1   (0.147) 0.040 0.404 0.094 0.157 0.342 

Locus 272 : 
2 alleles
14.6% missing data
   0   (0.919) 0.941 0.985 0.944 0.931 0.949 
   1   (0.081) 0.059 0.015 0.056 0.069 0.051 

Locus 273 : 
2 alleles
61.0% missing data
   0   (0.914) 0.980 0.941 0.929 0.921 0.744 
   1   (0.086) 0.020 0.059 0.071 0.079 0.256 

Locus 274 : 
2 alleles
6.1% missing data
   0   (0.934) 0.966 0.988 0.962 0.951 0.929 
   1   (0.066) 0.034 0.012 0.038 0.049 0.071 

Locus 275 : 
2 alleles
58.5% missing data
   0   (0.846) 0.926 0.859 0.876 0.855 0.669 
   1   (0.154) 0.074 0.141 0.124 0.145 0.331 

Locus 276 : 
2 alleles
2.4% missing data
   0   (0.843) 0.837 0.969 0.823 0.850 0.943 
   1   (0.157) 0.163 0.031 0.177 0.150 0.057 

Locus 277 : 
2 alleles
4.9% missing data
   0   (0.914) 0.898 0.980 0.972 0.917 0.912 
   1   (0.086) 0.102 0.020 0.028 0.083 0.088 

Locus 278 : 
2 alleles
32.9% missing data
   1   (0.746) 0.790 0.782 0.737 0.748 0.829 
   0   (0.254) 0.210 0.218 0.263 0.252 0.171 

Locus 279 : 
2 alleles
15.9% missing data
   0   (0.879) 0.955 0.557 0.950 0.887 0.626 
   1   (0.121) 0.045 0.443 0.050 0.113 0.374 

Locus 280 : 
2 alleles
2.4% missing data
   0   (0.907) 0.852 0.984 0.920 0.909 0.991 
   1   (0.093) 0.148 0.016 0.080 0.091 0.009 

Locus 281 : 
2 alleles
0.0% missing data
   0   (0.815) 0.747 0.966 0.799 0.795 0.970 
   1   (0.185) 0.253 0.034 0.201 0.205 0.030 

Locus 282 : 
2 alleles
9.8% missing data
   0   (0.782) 0.880 0.947 0.786 0.785 0.572 
   1   (0.218) 0.120 0.053 0.214 0.215 0.428 

Locus 283 : 
2 alleles
1.2% missing data
   0   (0.854) 0.905 0.752 0.867 0.855 0.956 
   1   (0.146) 0.095 0.248 0.133 0.145 0.044 

Locus 284 : 
2 alleles
1.2% missing data
   0   (0.843) 0.890 0.777 0.909 0.848 0.783 
   1   (0.157) 0.110 0.223 0.091 0.152 0.217 

Locus 285 : 
2 alleles
1.2% missing data
   0   (0.707) 0.793 0.772 0.577 0.709 0.892 
   1   (0.293) 0.207 0.228 0.423 0.291 0.108 

Locus 286 : 
2 alleles
11.0% missing data
   0   (0.922) 0.937 0.973 0.963 0.938 0.930 
   1   (0.078) 0.063 0.027 0.037 0.062 0.070 

Locus 287 : 
2 alleles
3.7% missing data
   0   (0.877) 0.931 0.977 0.911 0.848 0.931 
   1   (0.123) 0.069 0.023 0.089 0.152 0.069 

Locus 288 : 
2 alleles
6.1% missing data
   0   (0.096) 0.196 0.082 0.050 0.085 0.012 
   1   (0.904) 0.804 0.918 0.950 0.915 0.988 

Locus 289 : 
2 alleles
8.5% missing data
   0   (0.770) 0.773 0.940 0.801 0.763 0.787 
   1   (0.230) 0.227 0.060 0.199 0.237 0.213 

Locus 290 : 
2 alleles
12.2% missing data
   0   (0.349) 0.479 0.112 0.295 0.341 0.328 
   1   (0.651) 0.521 0.888 0.705 0.659 0.672 

Locus 291 : 
2 alleles
35.4% missing data
   0   (0.758) 0.868 0.575 0.763 0.768 0.716 
   1   (0.242) 0.132 0.425 0.237 0.232 0.284 

Locus 292 : 
2 alleles
12.2% missing data
   0   (0.877) 0.894 0.977 0.894 0.900 0.875 
   1   (0.123) 0.106 0.023 0.106 0.100 0.125 

Locus 293 : 
2 alleles
20.7% missing data
   0   (0.826) 0.918 0.838 0.769 0.848 0.878 
   1   (0.174) 0.082 0.162 0.231 0.152 0.122 

Locus 294 : 
2 alleles
36.6% missing data
   1   (0.377) 0.811 0.162 0.244 0.352 0.146 
   0   (0.623) 0.189 0.838 0.756 0.648 0.854 

Locus 295 : 
2 alleles
11.0% missing data
   0   (0.816) 0.778 0.925 0.862 0.858 0.699 
   1   (0.184) 0.222 0.075 0.138 0.142 0.301 

Locus 296 : 
2 alleles
9.8% missing data
   0   (0.910) 0.974 0.257 0.970 0.927 0.701 
   1   (0.090) 0.026 0.743 0.030 0.073 0.299 

Locus 297 : 
2 alleles
11.0% missing data
   0   (0.864) 0.926 0.722 0.926 0.863 0.839 
   1   (0.136) 0.074 0.278 0.074 0.137 0.161 

Locus 298 : 
2 alleles
22.0% missing data
   0   (0.784) 0.808 0.942 0.787 0.775 0.857 
   1   (0.216) 0.192 0.058 0.213 0.225 0.143 

Locus 299 : 
2 alleles
3.7% missing data
   0   (0.195) 0.139 0.420 0.286 0.180 0.035 
   1   (0.805) 0.861 0.580 0.714 0.820 0.965 

Locus 300 : 
2 alleles
22.0% missing data
   1   (0.355) 0.311 0.308 0.220 0.373 0.658 
   0   (0.645) 0.689 0.692 0.780 0.627 0.342 

Values of parameters used in structure:
DATAFILE=/Users/Amy 1/Desktop/Population_Genetics/Lab/R/Lab_8/Lab8/project_data,	OUTFILE=/Users/Amy 1/Desktop/Population_Genetics/Lab/R/Lab_8/Lab8/Set_One/Results/Set_One_run_13,	NUMINDS=82,	NUMLOCI=300,	MISSING=-9,	LABEL=1,	POPDATA=1,	POPFLAG=0,	PHENOTYPE=0,	EXTRACOLS=0,	MAXPOPS=5,	BURNIN=5000,	NUMREPS=10000,	USEPOPINFO=0,	INFERALPHA=1,	INFERLAMBDA=0,	POPSPECIFICLAMBDA=0,	POPALPHAS=0,	COMPUTEPROB=1,	NOADMIX=0,	ADMBURNIN=2500,	UPDATEFREQ=1,	PRINTLIKES=0,	INTERMEDSAVE=0,	PRINTKLD=0,	PRINTNET=0,	PRINTLAMBDA=0,	ANCESTDIST=0,	NUMBOXES=1000,	ANCESTPINT=0.90000,	GENSBACK=2,	MIGRPRIOR=0.05000,	PRINTQHAT=0,	PRINTQSUM=0,	ALPHA=1.0000,	FREQSCORR=1,	FPRIORMEAN=0.0100,	FPRIORSD=0.0500,	ONEFST=0,	LAMBDA=1.0000,	UNIFPRIORALPHA=1,	ALPHAMAX=10.0000,	ALPHAPRIORA=1.0000,	ALPHAPRIORB=2.0000,	ALPHAPROPSD=0.0250,	STARTATPOPINFO=0,	RANDOMIZE=1,	LINKAGE=0,	METROFREQ=10,	REPORTHITRATE=0,	MARKOVPHASE=-1,	PHASED=0,	PLOIDY=2,	PHASEINFO=0	LOCPRIOR=0, 	LOCPRIORINIT=1.000000, 	LOCDATA=0, 	LOCISPOP=0, 	LOCPRIORSTEP=0.100000, 	MAXLOCPRIOR=20.000000, 	SEED=1571413122,	
[STRAT parameters]:    NUMSIMSTATS=1000,	PHENOTYPECOL=-9,	POOLFREQ=10,	LOCUSxONLY=0,	EMERROR=0.00100,	MISSINGPHENO=-9,	