

----------------------------------------------------
STRUCTURE by Pritchard, Stephens and Donnelly (2000)
     and Falush, Stephens and Pritchard (2003)
       Code by Pritchard, Falush and Hubisz
             Version 2.3.4 (Jul 2012)
----------------------------------------------------



Command line arguments:   bin/structure -m "/Users/Amy 1/Desktop/Population_Genetics/Lab/R/Lab_8/Lab8/Set_One/mainparams" -e "/Users/Amy 1/Desktop/Population_Genetics/Lab/R/Lab_8/Lab8/Set_One/extraparams" 
Input File:    /Users/Amy 1/Desktop/Population_Genetics/Lab/R/Lab_8/Lab8/project_data

Run parameters:
   82 individuals
   300 loci
   5 populations assumed
   5000 Burn-in period
   10000 Reps


--------------------------------------------
Proportion of membership of each pre-defined
 population in each of the 5 clusters

Given    Inferred Clusters                     Number of
 Pop       1      2      3      4      5      Individuals

  1:     0.137  0.011  0.010  0.686  0.156       26
  2:     0.008  0.006  0.967  0.008  0.010       36
  3:     0.037  0.887  0.015  0.013  0.048       20
--------------------------------------------

Allele-freq. divergence among pops (Net nucleotide distance),
computed using point estimates of P.

      1       2       3       4       5      
 1      -    0.0063  0.0147  0.0021  0.0010  
 2   0.0063     -    0.0251  0.0121  0.0084  
 3   0.0147  0.0251     -    0.0204  0.0172  
 4   0.0021  0.0121  0.0204     -    0.0026  
 5   0.0010  0.0084  0.0172  0.0026     -    

Average distances (expected heterozygosity) between individuals in same cluster:
cluster  1  : 0.2734 
cluster  2  : 0.2439 
cluster  3  : 0.2302 
cluster  4  : 0.2526 
cluster  5  : 0.2589 

--------------------------------------------
Estimated Ln Prob of Data   = -15780.2
Mean value of ln likelihood = -15361.9
Variance of ln likelihood   = 836.6
Mean value of alpha         = 0.0358

Mean value of Fst_1         = 0.0018
Mean value of Fst_2         = 0.0825
Mean value of Fst_3         = 0.1418
Mean value of Fst_4         = 0.0572
Mean value of Fst_5         = 0.0767


Inferred ancestry of individuals:
        Label (%Miss) Pop:  Inferred clusters
  1     1001    (3)    3 :  0.012 0.968 0.003 0.004 0.013 
  2     1002    (5)    3 :  0.090 0.858 0.028 0.015 0.008 
  3     1003    (3)    3 :  0.006 0.974 0.003 0.009 0.008 
  4     1004    (3)    3 :  0.078 0.685 0.002 0.063 0.172 
  5     1005    (7)    3 :  0.009 0.973 0.004 0.009 0.005 
  6     1006    (9)    3 :  0.006 0.968 0.005 0.013 0.008 
  7     1007    (4)    3 :  0.024 0.952 0.006 0.007 0.011 
  8     1008    (6)    3 :  0.009 0.974 0.004 0.010 0.003 
  9     1009    (4)    3 :  0.027 0.452 0.006 0.010 0.505 
 10     1010    (6)    3 :  0.010 0.977 0.002 0.005 0.007 
 11     1011    (5)    3 :  0.005 0.985 0.002 0.001 0.006 
 12     1012    (3)    3 :  0.229 0.656 0.036 0.025 0.054 
 13     1013    (3)    3 :  0.017 0.946 0.012 0.008 0.017 
 14     1014    (5)    3 :  0.014 0.965 0.002 0.009 0.009 
 15     1015    (5)    3 :  0.017 0.959 0.009 0.003 0.013 
 16     1016    (2)    3 :  0.009 0.975 0.007 0.003 0.005 
 17     1017    (4)    3 :  0.139 0.588 0.153 0.026 0.094 
 18     1018    (4)    3 :  0.008 0.980 0.002 0.004 0.006 
 19     1019    (2)    3 :  0.021 0.929 0.008 0.035 0.007 
 20     1020    (3)    3 :  0.004 0.983 0.004 0.004 0.004 
 21     1601   (19)    2 :  0.013 0.002 0.961 0.009 0.014 
 22     1602    (7)    2 :  0.005 0.003 0.980 0.003 0.009 
 23     1603    (5)    2 :  0.005 0.002 0.989 0.002 0.002 
 24     1604    (7)    2 :  0.005 0.004 0.987 0.002 0.003 
 25     1605    (7)    2 :  0.002 0.003 0.991 0.001 0.003 
 26     1606    (9)    2 :  0.009 0.002 0.977 0.005 0.007 
 27     1607   (15)    2 :  0.016 0.009 0.945 0.018 0.012 
 28     1608   (13)    2 :  0.010 0.003 0.979 0.002 0.006 
 29     1609   (10)    2 :  0.006 0.002 0.971 0.005 0.015 
 30     1610    (8)    2 :  0.003 0.003 0.989 0.002 0.003 
 31     1611   (19)    2 :  0.002 0.002 0.991 0.003 0.002 
 32     1612   (10)    2 :  0.014 0.053 0.920 0.006 0.008 
 33     1613    (7)    2 :  0.023 0.012 0.902 0.024 0.038 
 34     1614   (10)    2 :  0.005 0.003 0.987 0.003 0.003 
 35     1615    (7)    2 :  0.009 0.006 0.965 0.006 0.014 
 36     1616    (7)    2 :  0.005 0.004 0.985 0.003 0.003 
 37     1617    (9)    2 :  0.016 0.004 0.953 0.011 0.016 
 38     1618   (23)    2 :  0.005 0.005 0.983 0.005 0.003 
 39     1619   (12)    2 :  0.009 0.003 0.972 0.009 0.007 
 40     1620   (15)    2 :  0.004 0.005 0.986 0.002 0.003 
 41     1621   (11)    2 :  0.003 0.002 0.987 0.004 0.005 
 42     1622   (16)    2 :  0.006 0.005 0.975 0.010 0.004 
 43     1623   (12)    2 :  0.002 0.002 0.991 0.003 0.003 
 44     1624   (15)    2 :  0.001 0.003 0.990 0.002 0.004 
 45     1625    (5)    2 :  0.012 0.026 0.935 0.004 0.023 
 46     1626    (8)    2 :  0.019 0.017 0.920 0.014 0.030 
 47     1627   (18)    2 :  0.024 0.008 0.865 0.082 0.021 
 48     1628   (24)    2 :  0.009 0.003 0.980 0.006 0.003 
 49     1629   (21)    2 :  0.002 0.002 0.990 0.004 0.003 
 50     1630   (33)    2 :  0.018 0.011 0.914 0.011 0.047 
 51     1631   (30)    2 :  0.013 0.007 0.948 0.006 0.025 
 52     1632   (25)    2 :  0.002 0.002 0.991 0.003 0.002 
 53     1633   (20)    2 :  0.003 0.003 0.985 0.004 0.005 
 54     1634   (16)    2 :  0.004 0.003 0.982 0.005 0.006 
 55     1635   (23)    2 :  0.009 0.003 0.976 0.005 0.007 
 56     1636   (20)    2 :  0.005 0.003 0.979 0.005 0.008 
 57 1831-13469   (26)    1 :  0.030 0.004 0.003 0.946 0.017 
 58 2511-04833   (17)    1 :  0.005 0.005 0.002 0.976 0.012 
 59 2600-27318   (12)    1 :  0.083 0.009 0.017 0.652 0.239 
 60 2600-27353   (29)    1 :  0.364 0.009 0.007 0.192 0.428 
 61 2600-27665   (14)    1 :  0.037 0.051 0.001 0.876 0.034 
 62 2600-27679   (33)    1 :  0.052 0.007 0.002 0.882 0.057 
 63 2600-27714   (15)    1 :  0.303 0.020 0.008 0.543 0.127 
 64 2600-27772   (25)    1 :  0.242 0.033 0.003 0.631 0.092 
 65 2600-54720   (25)    1 :  0.086 0.004 0.012 0.871 0.027 
 66 2600-54869   (15)    1 :  0.021 0.007 0.004 0.285 0.682 
 67 2600-54934   (17)    1 :  0.563 0.009 0.035 0.235 0.158 
 68 2600-54936   (24)    1 :  0.066 0.007 0.004 0.882 0.041 
 69 2600-54946   (31)    1 :  0.028 0.004 0.003 0.768 0.196 
 70 2600-54962   (18)    1 :  0.019 0.005 0.002 0.893 0.081 
 71 2600-54972   (19)    1 :  0.061 0.005 0.006 0.908 0.019 
 72 2600-54979   (17)    1 :  0.047 0.011 0.005 0.268 0.670 
 73 2640-97014   (38)    1 :  0.113 0.005 0.010 0.708 0.163 
 74 2640-97015   (11)    1 :  0.053 0.004 0.032 0.881 0.030 
 75 2640-97016   (15)    1 :  0.052 0.011 0.003 0.870 0.065 
 76 2640-97017   (28)    1 :  0.220 0.004 0.012 0.567 0.196 
 77 2640-97129   (20)    1 :  0.026 0.004 0.048 0.634 0.288 
 78 2640-97130   (57)    1 :  0.121 0.010 0.003 0.696 0.170 
 79 2640-97131   (34)    1 :  0.400 0.038 0.002 0.468 0.092 
 80 2640-97134   (37)    1 :  0.470 0.014 0.005 0.420 0.091 
 81 2640-97135   (48)    1 :  0.052 0.006 0.012 0.911 0.019 
 82 2640-97137   (19)    1 :  0.039 0.005 0.012 0.871 0.074 


Estimated Allele Frequencies in each cluster
First column gives estimated ancestral frequencies


Locus 1 : 
2 alleles
7.3% missing data
   0   (0.738) 0.739 0.837 0.676 0.691 0.763 
   1   (0.262) 0.261 0.163 0.324 0.309 0.237 

Locus 2 : 
2 alleles
12.2% missing data
   1   (0.172) 0.172 0.436 0.035 0.111 0.150 
   0   (0.828) 0.828 0.564 0.965 0.889 0.850 

Locus 3 : 
2 alleles
11.0% missing data
   0   (0.332) 0.331 0.479 0.196 0.287 0.311 
   1   (0.668) 0.669 0.521 0.804 0.713 0.689 

Locus 4 : 
2 alleles
36.6% missing data
   0   (0.841) 0.842 0.778 0.946 0.869 0.868 
   1   (0.159) 0.158 0.222 0.054 0.131 0.132 

Locus 5 : 
2 alleles
52.4% missing data
   0   (0.908) 0.909 0.948 0.919 0.933 0.920 
   1   (0.092) 0.091 0.052 0.081 0.067 0.080 

Locus 6 : 
2 alleles
15.9% missing data
   0   (0.889) 0.889 0.932 0.978 0.846 0.911 
   1   (0.111) 0.111 0.068 0.022 0.154 0.089 

Locus 7 : 
2 alleles
47.6% missing data
   0   (0.848) 0.848 0.930 0.765 0.894 0.795 
   1   (0.152) 0.152 0.070 0.235 0.106 0.205 

Locus 8 : 
2 alleles
52.4% missing data
   0   (0.833) 0.833 0.925 0.683 0.879 0.763 
   1   (0.167) 0.167 0.075 0.317 0.121 0.237 

Locus 9 : 
2 alleles
4.9% missing data
   0   (0.901) 0.901 0.956 0.889 0.934 0.928 
   1   (0.099) 0.099 0.044 0.111 0.066 0.072 

Locus 10 : 
2 alleles
1.2% missing data
   1   (0.740) 0.741 0.735 0.759 0.757 0.758 
   0   (0.260) 0.259 0.265 0.241 0.243 0.242 

Locus 11 : 
2 alleles
0.0% missing data
   0   (0.896) 0.897 0.846 0.913 0.964 0.913 
   1   (0.104) 0.103 0.154 0.087 0.036 0.087 

Locus 12 : 
2 alleles
7.3% missing data
   0   (0.951) 0.951 0.975 0.973 0.979 0.956 
   1   (0.049) 0.049 0.025 0.027 0.021 0.044 

Locus 13 : 
2 alleles
18.3% missing data
   1   (0.918) 0.918 0.876 0.960 0.952 0.934 
   0   (0.082) 0.082 0.124 0.040 0.048 0.066 

Locus 14 : 
2 alleles
6.1% missing data
   0   (0.937) 0.938 0.795 0.995 0.962 0.960 
   1   (0.063) 0.062 0.205 0.005 0.038 0.040 

Locus 15 : 
2 alleles
6.1% missing data
   0   (0.931) 0.931 0.793 0.994 0.959 0.957 
   1   (0.069) 0.069 0.207 0.006 0.041 0.043 

Locus 16 : 
2 alleles
8.5% missing data
   0   (0.938) 0.938 0.969 0.900 0.976 0.961 
   1   (0.062) 0.062 0.031 0.100 0.024 0.039 

Locus 17 : 
2 alleles
7.3% missing data
   1   (0.750) 0.750 0.826 0.638 0.730 0.800 
   0   (0.250) 0.250 0.174 0.362 0.270 0.200 

Locus 18 : 
2 alleles
43.9% missing data
   0   (0.849) 0.848 0.964 0.958 0.712 0.844 
   1   (0.151) 0.152 0.036 0.042 0.288 0.156 

Locus 19 : 
2 alleles
36.6% missing data
   0   (0.812) 0.813 0.853 0.920 0.757 0.821 
   1   (0.188) 0.187 0.147 0.080 0.243 0.179 

Locus 20 : 
2 alleles
0.0% missing data
   0   (0.815) 0.815 0.923 0.709 0.826 0.792 
   1   (0.185) 0.185 0.077 0.291 0.174 0.208 

Locus 21 : 
2 alleles
0.0% missing data
   1   (0.865) 0.865 0.807 0.914 0.913 0.888 
   0   (0.135) 0.135 0.193 0.086 0.087 0.112 

Locus 22 : 
2 alleles
4.9% missing data
   1   (0.901) 0.902 0.789 0.940 0.956 0.920 
   0   (0.099) 0.098 0.211 0.060 0.044 0.080 

Locus 23 : 
2 alleles
17.1% missing data
   0   (0.945) 0.946 0.967 0.951 0.977 0.964 
   1   (0.055) 0.054 0.033 0.049 0.023 0.036 

Locus 24 : 
2 alleles
26.8% missing data
   0   (0.932) 0.932 0.984 0.993 0.881 0.914 
   1   (0.068) 0.068 0.016 0.007 0.119 0.086 

Locus 25 : 
2 alleles
32.9% missing data
   0   (0.662) 0.662 0.712 0.822 0.602 0.669 
   1   (0.338) 0.338 0.288 0.178 0.398 0.331 

Locus 26 : 
2 alleles
3.7% missing data
   0   (0.853) 0.853 0.813 0.950 0.909 0.827 
   1   (0.147) 0.147 0.187 0.050 0.091 0.173 

Locus 27 : 
2 alleles
0.0% missing data
   0   (0.886) 0.885 0.956 0.877 0.912 0.884 
   1   (0.114) 0.115 0.044 0.123 0.088 0.116 

Locus 28 : 
2 alleles
26.8% missing data
   0   (0.894) 0.893 0.948 0.767 0.932 0.918 
   1   (0.106) 0.107 0.052 0.233 0.068 0.082 

Locus 29 : 
2 alleles
14.6% missing data
   1   (0.428) 0.427 0.649 0.280 0.343 0.446 
   0   (0.572) 0.573 0.351 0.720 0.657 0.554 

Locus 30 : 
2 alleles
31.7% missing data
   0   (0.884) 0.884 0.916 0.987 0.818 0.902 
   1   (0.116) 0.116 0.084 0.013 0.182 0.098 

Locus 31 : 
2 alleles
13.4% missing data
   0   (0.888) 0.887 0.892 0.990 0.884 0.899 
   1   (0.112) 0.113 0.108 0.010 0.116 0.101 

Locus 32 : 
2 alleles
0.0% missing data
   0   (0.860) 0.861 0.886 0.872 0.897 0.874 
   1   (0.140) 0.139 0.114 0.128 0.103 0.126 

Locus 33 : 
2 alleles
18.3% missing data
   0   (0.902) 0.903 0.887 0.813 0.951 0.935 
   1   (0.098) 0.097 0.113 0.187 0.049 0.065 

Locus 34 : 
2 alleles
20.7% missing data
   1   (0.833) 0.833 0.915 0.961 0.774 0.815 
   0   (0.167) 0.167 0.085 0.039 0.226 0.185 

Locus 35 : 
2 alleles
15.9% missing data
   0   (0.657) 0.656 0.778 0.777 0.589 0.684 
   1   (0.343) 0.344 0.222 0.223 0.411 0.316 

Locus 36 : 
2 alleles
12.2% missing data
   0   (0.934) 0.934 0.984 0.884 0.940 0.960 
   1   (0.066) 0.066 0.016 0.116 0.060 0.040 

Locus 37 : 
2 alleles
3.7% missing data
   0   (0.800) 0.801 0.804 0.663 0.843 0.846 
   1   (0.200) 0.199 0.196 0.337 0.157 0.154 

Locus 38 : 
2 alleles
18.3% missing data
   0   (0.915) 0.914 0.958 0.963 0.949 0.934 
   1   (0.085) 0.086 0.042 0.037 0.051 0.066 

Locus 39 : 
2 alleles
18.3% missing data
   0   (0.812) 0.811 0.881 0.971 0.817 0.726 
   1   (0.188) 0.189 0.119 0.029 0.183 0.274 

Locus 40 : 
2 alleles
13.4% missing data
   0   (0.782) 0.782 0.844 0.752 0.781 0.828 
   1   (0.218) 0.218 0.156 0.248 0.219 0.172 

Locus 41 : 
2 alleles
43.9% missing data
   1   (0.074) 0.074 0.144 0.011 0.042 0.056 
   0   (0.926) 0.926 0.856 0.989 0.958 0.944 

Locus 42 : 
2 alleles
3.7% missing data
   0   (0.947) 0.948 0.946 0.970 0.982 0.968 
   1   (0.053) 0.052 0.054 0.030 0.018 0.032 

Locus 43 : 
2 alleles
7.3% missing data
   0   (0.852) 0.853 0.840 0.729 0.927 0.843 
   1   (0.148) 0.147 0.160 0.271 0.073 0.157 

Locus 44 : 
2 alleles
7.3% missing data
   0   (0.959) 0.960 0.895 0.997 0.986 0.973 
   1   (0.041) 0.040 0.105 0.003 0.014 0.027 

Locus 45 : 
2 alleles
40.2% missing data
   0   (0.732) 0.731 0.802 0.856 0.725 0.700 
   1   (0.268) 0.269 0.198 0.144 0.275 0.300 

Locus 46 : 
2 alleles
11.0% missing data
   0   (0.907) 0.908 0.873 0.992 0.895 0.923 
   1   (0.093) 0.092 0.127 0.008 0.105 0.077 

Locus 47 : 
2 alleles
0.0% missing data
   0   (0.863) 0.863 0.927 0.860 0.876 0.902 
   1   (0.137) 0.137 0.073 0.140 0.124 0.098 

Locus 48 : 
2 alleles
42.7% missing data
   0   (0.956) 0.955 0.989 0.994 0.959 0.964 
   1   (0.044) 0.045 0.011 0.006 0.041 0.036 

Locus 49 : 
2 alleles
39.0% missing data
   0   (0.893) 0.892 0.934 0.986 0.905 0.854 
   1   (0.107) 0.108 0.066 0.014 0.095 0.146 

Locus 50 : 
2 alleles
4.9% missing data
   1   (0.355) 0.355 0.443 0.137 0.355 0.305 
   0   (0.645) 0.645 0.557 0.863 0.645 0.695 

Locus 51 : 
2 alleles
14.6% missing data
   0   (0.616) 0.616 0.631 0.625 0.566 0.690 
   1   (0.384) 0.384 0.369 0.375 0.434 0.310 

Locus 52 : 
2 alleles
29.3% missing data
   1   (0.285) 0.285 0.322 0.398 0.204 0.280 
   0   (0.715) 0.715 0.678 0.602 0.796 0.720 

Locus 53 : 
2 alleles
1.2% missing data
   1   (0.791) 0.790 0.854 0.908 0.773 0.798 
   0   (0.209) 0.210 0.146 0.092 0.227 0.202 

Locus 54 : 
2 alleles
11.0% missing data
   0   (0.922) 0.923 0.893 0.984 0.951 0.944 
   1   (0.078) 0.077 0.107 0.016 0.049 0.056 

Locus 55 : 
2 alleles
13.4% missing data
   0   (0.758) 0.757 0.800 0.631 0.822 0.807 
   1   (0.242) 0.243 0.200 0.369 0.178 0.193 

Locus 56 : 
2 alleles
11.0% missing data
   0   (0.833) 0.831 0.884 0.987 0.807 0.793 
   1   (0.167) 0.169 0.116 0.013 0.193 0.207 

Locus 57 : 
2 alleles
17.1% missing data
   0   (0.713) 0.714 0.637 0.625 0.785 0.740 
   1   (0.287) 0.286 0.363 0.375 0.215 0.260 

Locus 58 : 
2 alleles
20.7% missing data
   0   (0.788) 0.788 0.856 0.697 0.784 0.847 
   1   (0.212) 0.212 0.144 0.303 0.216 0.153 

Locus 59 : 
2 alleles
28.0% missing data
   0   (0.866) 0.866 0.968 0.202 0.919 0.902 
   1   (0.134) 0.134 0.032 0.798 0.081 0.098 

Locus 60 : 
2 alleles
36.6% missing data
   0   (0.343) 0.342 0.283 0.372 0.361 0.387 
   1   (0.657) 0.658 0.717 0.628 0.639 0.613 

Locus 61 : 
2 alleles
7.3% missing data
   0   (0.871) 0.871 0.658 0.977 0.941 0.895 
   1   (0.129) 0.129 0.342 0.023 0.059 0.105 

Locus 62 : 
2 alleles
2.4% missing data
   0   (0.852) 0.851 0.897 0.929 0.862 0.881 
   1   (0.148) 0.149 0.103 0.071 0.138 0.119 

Locus 63 : 
2 alleles
30.5% missing data
   0   (0.934) 0.935 0.943 0.909 0.972 0.953 
   1   (0.066) 0.065 0.057 0.091 0.028 0.047 

Locus 64 : 
2 alleles
1.2% missing data
   0   (0.788) 0.788 0.879 0.797 0.763 0.807 
   1   (0.212) 0.212 0.121 0.203 0.237 0.193 

Locus 65 : 
2 alleles
23.2% missing data
   0   (0.744) 0.745 0.798 0.854 0.728 0.697 
   1   (0.256) 0.255 0.202 0.146 0.272 0.303 

Locus 66 : 
1 alleles
6.1% missing data
   0   (1.000) 1.000 1.000 1.000 1.000 1.000 

Locus 67 : 
2 alleles
8.5% missing data
   0   (0.914) 0.915 0.960 0.740 0.952 0.944 
   1   (0.086) 0.085 0.040 0.260 0.048 0.056 

Locus 68 : 
2 alleles
34.1% missing data
   0   (0.937) 0.937 0.966 0.952 0.970 0.957 
   1   (0.063) 0.063 0.034 0.048 0.030 0.043 

Locus 69 : 
2 alleles
4.9% missing data
   0   (0.066) 0.065 0.138 0.026 0.021 0.046 
   1   (0.934) 0.935 0.862 0.974 0.979 0.954 

Locus 70 : 
2 alleles
20.7% missing data
   0   (0.863) 0.863 0.864 0.941 0.896 0.870 
   1   (0.137) 0.137 0.136 0.059 0.104 0.130 

Locus 71 : 
2 alleles
1.2% missing data
   0   (0.936) 0.935 0.969 0.995 0.942 0.947 
   1   (0.064) 0.065 0.031 0.005 0.058 0.053 

Locus 72 : 
2 alleles
12.2% missing data
   0   (0.898) 0.899 0.934 0.904 0.916 0.921 
   1   (0.102) 0.101 0.066 0.096 0.084 0.079 

Locus 73 : 
2 alleles
2.4% missing data
   0   (0.882) 0.882 0.949 0.981 0.867 0.848 
   1   (0.118) 0.118 0.051 0.019 0.133 0.152 

Locus 74 : 
2 alleles
24.4% missing data
   0   (0.959) 0.960 0.990 0.898 0.981 0.973 
   1   (0.041) 0.040 0.010 0.102 0.019 0.027 

Locus 75 : 
2 alleles
54.9% missing data
   0   (0.835) 0.835 0.919 0.925 0.797 0.839 
   1   (0.165) 0.165 0.081 0.075 0.203 0.161 

Locus 76 : 
2 alleles
41.5% missing data
   0   (0.844) 0.845 0.903 0.767 0.852 0.878 
   1   (0.156) 0.155 0.097 0.233 0.148 0.122 

Locus 77 : 
2 alleles
43.9% missing data
   1   (0.824) 0.825 0.779 0.949 0.851 0.791 
   0   (0.176) 0.175 0.221 0.051 0.149 0.209 

Locus 78 : 
2 alleles
6.1% missing data
   0   (0.619) 0.618 0.802 0.395 0.654 0.560 
   1   (0.381) 0.382 0.198 0.605 0.346 0.440 

Locus 79 : 
2 alleles
3.7% missing data
   0   (0.885) 0.884 0.941 0.909 0.913 0.914 
   1   (0.115) 0.116 0.059 0.091 0.087 0.086 

Locus 80 : 
2 alleles
0.0% missing data
   0   (0.794) 0.795 0.861 0.868 0.764 0.785 
   1   (0.206) 0.205 0.139 0.132 0.236 0.215 

Locus 81 : 
2 alleles
45.1% missing data
   0   (0.422) 0.423 0.469 0.257 0.397 0.436 
   1   (0.578) 0.577 0.531 0.743 0.603 0.564 

Locus 82 : 
2 alleles
7.3% missing data
   0   (0.863) 0.861 0.957 0.975 0.789 0.857 
   1   (0.137) 0.139 0.043 0.025 0.211 0.143 

Locus 83 : 
2 alleles
2.4% missing data
   0   (0.566) 0.565 0.587 0.489 0.580 0.610 
   1   (0.434) 0.435 0.413 0.511 0.420 0.390 

Locus 84 : 
2 alleles
18.3% missing data
   0   (0.829) 0.828 0.921 0.951 0.826 0.761 
   1   (0.171) 0.172 0.079 0.049 0.174 0.239 

Locus 85 : 
2 alleles
47.6% missing data
   0   (0.804) 0.804 0.798 0.920 0.813 0.831 
   1   (0.196) 0.196 0.202 0.080 0.187 0.169 

Locus 86 : 
2 alleles
28.0% missing data
   0   (0.827) 0.827 0.917 0.889 0.804 0.799 
   1   (0.173) 0.173 0.083 0.111 0.196 0.201 

Locus 87 : 
2 alleles
4.9% missing data
   0   (0.848) 0.849 0.880 0.873 0.890 0.841 
   1   (0.152) 0.151 0.120 0.127 0.110 0.159 

Locus 88 : 
2 alleles
51.2% missing data
   1   (0.314) 0.314 0.194 0.579 0.286 0.308 
   0   (0.686) 0.686 0.806 0.421 0.714 0.692 

Locus 89 : 
2 alleles
11.0% missing data
   0   (0.927) 0.927 0.975 0.582 0.970 0.950 
   1   (0.073) 0.073 0.025 0.418 0.030 0.050 

Locus 90 : 
2 alleles
1.2% missing data
   0   (0.886) 0.885 0.938 0.966 0.906 0.907 
   1   (0.114) 0.115 0.062 0.034 0.094 0.093 

Locus 91 : 
2 alleles
14.6% missing data
   0   (0.932) 0.932 0.856 0.994 0.955 0.949 
   1   (0.068) 0.068 0.144 0.006 0.045 0.051 

Locus 92 : 
2 alleles
9.8% missing data
   0   (0.904) 0.905 0.914 0.983 0.902 0.928 
   1   (0.096) 0.095 0.086 0.017 0.098 0.072 

Locus 93 : 
2 alleles
29.3% missing data
   1   (0.766) 0.767 0.874 0.729 0.728 0.786 
   0   (0.234) 0.233 0.126 0.271 0.272 0.214 

Locus 94 : 
2 alleles
14.6% missing data
   0   (0.563) 0.563 0.497 0.381 0.675 0.577 
   1   (0.437) 0.437 0.503 0.619 0.325 0.423 

Locus 95 : 
2 alleles
4.9% missing data
   1   (0.773) 0.773 0.811 0.658 0.802 0.806 
   0   (0.227) 0.227 0.189 0.342 0.198 0.194 

Locus 96 : 
2 alleles
14.6% missing data
   0   (0.369) 0.370 0.389 0.464 0.343 0.292 
   1   (0.631) 0.630 0.611 0.536 0.657 0.708 

Locus 97 : 
2 alleles
41.5% missing data
   0   (0.785) 0.785 0.929 0.774 0.722 0.762 
   1   (0.215) 0.215 0.071 0.226 0.278 0.238 

Locus 98 : 
2 alleles
4.9% missing data
   0   (0.767) 0.767 0.775 0.906 0.773 0.761 
   1   (0.233) 0.233 0.225 0.094 0.227 0.239 

Locus 99 : 
2 alleles
0.0% missing data
   0   (0.840) 0.840 0.777 0.952 0.844 0.885 
   1   (0.160) 0.160 0.223 0.048 0.156 0.115 

Locus 100 : 
2 alleles
2.4% missing data
   0   (0.518) 0.519 0.600 0.228 0.490 0.596 
   1   (0.482) 0.481 0.400 0.772 0.510 0.404 

Locus 101 : 
2 alleles
7.3% missing data
   1   (0.578) 0.580 0.689 0.548 0.470 0.547 
   0   (0.422) 0.420 0.311 0.452 0.530 0.453 

Locus 102 : 
2 alleles
17.1% missing data
   1   (0.623) 0.624 0.583 0.784 0.563 0.659 
   0   (0.377) 0.376 0.417 0.216 0.437 0.341 

Locus 103 : 
2 alleles
0.0% missing data
   0   (0.956) 0.956 0.868 0.997 0.986 0.974 
   1   (0.044) 0.044 0.132 0.003 0.014 0.026 

Locus 104 : 
2 alleles
17.1% missing data
   1   (0.774) 0.775 0.775 0.865 0.709 0.819 
   0   (0.226) 0.225 0.225 0.135 0.291 0.181 

Locus 105 : 
2 alleles
41.5% missing data
   1   (0.241) 0.240 0.359 0.268 0.212 0.194 
   0   (0.759) 0.760 0.641 0.732 0.788 0.806 

Locus 106 : 
2 alleles
0.0% missing data
   0   (0.856) 0.857 0.656 0.989 0.854 0.888 
   1   (0.144) 0.143 0.344 0.011 0.146 0.112 

Locus 107 : 
2 alleles
14.6% missing data
   0   (0.695) 0.695 0.846 0.722 0.666 0.666 
   1   (0.305) 0.305 0.154 0.278 0.334 0.334 

Locus 108 : 
2 alleles
1.2% missing data
   0   (0.820) 0.821 0.917 0.831 0.729 0.861 
   1   (0.180) 0.179 0.083 0.169 0.271 0.139 

Locus 109 : 
2 alleles
8.5% missing data
   0   (0.909) 0.910 0.770 0.956 0.966 0.930 
   1   (0.091) 0.090 0.230 0.044 0.034 0.070 

Locus 110 : 
2 alleles
2.4% missing data
   1   (0.652) 0.652 0.717 0.773 0.588 0.632 
   0   (0.348) 0.348 0.283 0.227 0.412 0.368 

Locus 111 : 
2 alleles
19.5% missing data
   0   (0.722) 0.723 0.774 0.845 0.689 0.730 
   1   (0.278) 0.277 0.226 0.155 0.311 0.270 

Locus 112 : 
2 alleles
51.2% missing data
   0   (0.899) 0.898 0.840 0.983 0.926 0.918 
   1   (0.101) 0.102 0.160 0.017 0.074 0.082 

Locus 113 : 
2 alleles
6.1% missing data
   1   (0.697) 0.696 0.774 0.723 0.717 0.727 
   0   (0.303) 0.304 0.226 0.277 0.283 0.273 

Locus 114 : 
2 alleles
1.2% missing data
   0   (0.840) 0.841 0.838 0.928 0.855 0.859 
   1   (0.160) 0.159 0.162 0.072 0.145 0.141 

Locus 115 : 
2 alleles
9.8% missing data
   0   (0.721) 0.721 0.661 0.769 0.775 0.728 
   1   (0.279) 0.279 0.339 0.231 0.225 0.272 

Locus 116 : 
2 alleles
7.3% missing data
   0   (0.843) 0.844 0.846 0.812 0.921 0.841 
   1   (0.157) 0.156 0.154 0.188 0.079 0.159 

Locus 117 : 
2 alleles
7.3% missing data
   0   (0.813) 0.812 0.806 0.922 0.862 0.814 
   1   (0.187) 0.188 0.194 0.078 0.138 0.186 

Locus 118 : 
2 alleles
2.4% missing data
   0   (0.908) 0.909 0.938 0.527 0.959 0.933 
   1   (0.092) 0.091 0.062 0.473 0.041 0.067 

Locus 119 : 
2 alleles
6.1% missing data
   0   (0.831) 0.833 0.897 0.754 0.799 0.844 
   1   (0.169) 0.167 0.103 0.246 0.201 0.156 

Locus 120 : 
2 alleles
9.8% missing data
   0   (0.833) 0.832 0.886 0.963 0.785 0.852 
   1   (0.167) 0.168 0.114 0.037 0.215 0.148 

Locus 121 : 
2 alleles
11.0% missing data
   0   (0.931) 0.932 0.930 0.924 0.973 0.953 
   1   (0.069) 0.068 0.070 0.076 0.027 0.047 

Locus 122 : 
2 alleles
2.4% missing data
   0   (0.812) 0.813 0.850 0.898 0.823 0.747 
   1   (0.188) 0.187 0.150 0.102 0.177 0.253 

Locus 123 : 
2 alleles
6.1% missing data
   1   (0.895) 0.896 0.895 0.922 0.938 0.934 
   0   (0.105) 0.104 0.105 0.078 0.062 0.066 

Locus 124 : 
2 alleles
34.1% missing data
   0   (0.521) 0.521 0.640 0.544 0.468 0.486 
   1   (0.479) 0.479 0.360 0.456 0.532 0.514 

Locus 125 : 
2 alleles
0.0% missing data
   0   (0.920) 0.920 0.921 0.985 0.958 0.918 
   1   (0.080) 0.080 0.079 0.015 0.042 0.082 

Locus 126 : 
2 alleles
3.7% missing data
   0   (0.890) 0.889 0.969 0.944 0.856 0.895 
   1   (0.110) 0.111 0.031 0.056 0.144 0.105 

Locus 127 : 
2 alleles
11.0% missing data
   0   (0.591) 0.591 0.472 0.633 0.653 0.626 
   1   (0.409) 0.409 0.528 0.367 0.347 0.374 

Locus 128 : 
2 alleles
56.1% missing data
   0   (0.641) 0.642 0.712 0.635 0.598 0.622 
   1   (0.359) 0.358 0.288 0.365 0.402 0.378 

Locus 129 : 
2 alleles
12.2% missing data
   1   (0.328) 0.329 0.358 0.180 0.314 0.329 
   0   (0.672) 0.671 0.642 0.820 0.686 0.671 

Locus 130 : 
2 alleles
12.2% missing data
   0   (0.814) 0.814 0.859 0.906 0.796 0.831 
   1   (0.186) 0.186 0.141 0.094 0.204 0.169 

Locus 131 : 
2 alleles
18.3% missing data
   0   (0.945) 0.946 0.961 0.995 0.970 0.894 
   1   (0.055) 0.054 0.039 0.005 0.030 0.106 

Locus 132 : 
2 alleles
0.0% missing data
   0   (0.775) 0.775 0.885 0.854 0.703 0.787 
   1   (0.225) 0.225 0.115 0.146 0.297 0.213 

Locus 133 : 
2 alleles
12.2% missing data
   0   (0.652) 0.652 0.685 0.624 0.650 0.676 
   1   (0.348) 0.348 0.315 0.376 0.350 0.324 

Locus 134 : 
2 alleles
28.0% missing data
   0   (0.799) 0.800 0.890 0.706 0.778 0.821 
   1   (0.201) 0.200 0.110 0.294 0.222 0.179 

Locus 135 : 
2 alleles
1.2% missing data
   0   (0.801) 0.802 0.874 0.803 0.761 0.840 
   1   (0.199) 0.198 0.126 0.197 0.239 0.160 

Locus 136 : 
2 alleles
1.2% missing data
   0   (0.869) 0.870 0.838 0.883 0.918 0.901 
   1   (0.131) 0.130 0.162 0.117 0.082 0.099 

Locus 137 : 
2 alleles
0.0% missing data
   0   (0.384) 0.384 0.296 0.543 0.405 0.375 
   1   (0.616) 0.616 0.704 0.457 0.595 0.625 

Locus 138 : 
2 alleles
34.1% missing data
   0   (0.828) 0.829 0.922 0.815 0.753 0.862 
   1   (0.172) 0.171 0.078 0.185 0.247 0.138 

Locus 139 : 
2 alleles
1.2% missing data
   0   (0.965) 0.966 0.881 0.997 0.988 0.980 
   1   (0.035) 0.034 0.119 0.003 0.012 0.020 

Locus 140 : 
2 alleles
9.8% missing data
   0   (0.872) 0.873 0.885 0.938 0.887 0.891 
   1   (0.128) 0.127 0.115 0.062 0.113 0.109 

Locus 141 : 
2 alleles
11.0% missing data
   0   (0.807) 0.808 0.779 0.730 0.847 0.858 
   1   (0.193) 0.192 0.221 0.270 0.153 0.142 

Locus 142 : 
2 alleles
6.1% missing data
   0   (0.264) 0.263 0.354 0.471 0.139 0.265 
   1   (0.736) 0.737 0.646 0.529 0.861 0.735 

Locus 143 : 
2 alleles
13.4% missing data
   0   (0.832) 0.831 0.822 0.937 0.862 0.869 
   1   (0.168) 0.169 0.178 0.063 0.138 0.131 

Locus 144 : 
2 alleles
1.2% missing data
   0   (0.795) 0.793 0.949 0.922 0.695 0.718 
   1   (0.205) 0.207 0.051 0.078 0.305 0.282 

Locus 145 : 
2 alleles
0.0% missing data
   0   (0.896) 0.897 0.804 0.992 0.909 0.904 
   1   (0.104) 0.103 0.196 0.008 0.091 0.096 

Locus 146 : 
2 alleles
2.4% missing data
   1   (0.639) 0.639 0.652 0.550 0.615 0.699 
   0   (0.361) 0.361 0.348 0.450 0.385 0.301 

Locus 147 : 
2 alleles
0.0% missing data
   0   (0.784) 0.786 0.616 0.820 0.829 0.830 
   1   (0.216) 0.214 0.384 0.180 0.171 0.170 

Locus 148 : 
2 alleles
4.9% missing data
   1   (0.138) 0.138 0.297 0.041 0.086 0.099 
   0   (0.862) 0.862 0.703 0.959 0.914 0.901 

Locus 149 : 
2 alleles
2.4% missing data
   0   (0.425) 0.427 0.394 0.186 0.507 0.386 
   1   (0.575) 0.573 0.606 0.814 0.493 0.614 

Locus 150 : 
2 alleles
28.0% missing data
   0   (0.824) 0.825 0.924 0.652 0.808 0.863 
   1   (0.176) 0.175 0.076 0.348 0.192 0.137 

Locus 151 : 
2 alleles
32.9% missing data
   0   (0.455) 0.456 0.299 0.392 0.514 0.476 
   1   (0.545) 0.544 0.701 0.608 0.486 0.524 

Locus 152 : 
2 alleles
12.2% missing data
   0   (0.840) 0.840 0.865 0.963 0.812 0.849 
   1   (0.160) 0.160 0.135 0.037 0.188 0.151 

Locus 153 : 
2 alleles
6.1% missing data
   0   (0.908) 0.907 0.956 0.992 0.895 0.895 
   1   (0.092) 0.093 0.044 0.008 0.105 0.105 

Locus 154 : 
2 alleles
0.0% missing data
   0   (0.937) 0.937 0.894 0.995 0.971 0.937 
   1   (0.063) 0.063 0.106 0.005 0.029 0.063 

Locus 155 : 
2 alleles
1.2% missing data
   0   (0.746) 0.747 0.720 0.897 0.780 0.693 
   1   (0.254) 0.253 0.280 0.103 0.220 0.307 

Locus 156 : 
2 alleles
15.9% missing data
   0   (0.943) 0.943 0.952 0.945 0.979 0.962 
   1   (0.057) 0.057 0.048 0.055 0.021 0.038 

Locus 157 : 
2 alleles
36.6% missing data
   1   (0.850) 0.850 0.963 0.791 0.777 0.857 
   0   (0.150) 0.150 0.037 0.209 0.223 0.143 

Locus 158 : 
2 alleles
13.4% missing data
   0   (0.792) 0.792 0.859 0.586 0.830 0.829 
   1   (0.208) 0.208 0.141 0.414 0.170 0.171 

Locus 159 : 
2 alleles
7.3% missing data
   0   (0.890) 0.891 0.908 0.859 0.947 0.892 
   1   (0.110) 0.109 0.092 0.141 0.053 0.108 

Locus 160 : 
2 alleles
3.7% missing data
   0   (0.853) 0.853 0.960 0.778 0.841 0.795 
   1   (0.147) 0.147 0.040 0.222 0.159 0.205 

Locus 161 : 
2 alleles
4.9% missing data
   0   (0.823) 0.823 0.863 0.867 0.867 0.834 
   1   (0.177) 0.177 0.137 0.133 0.133 0.166 

Locus 162 : 
2 alleles
1.2% missing data
   0   (0.057) 0.056 0.057 0.005 0.046 0.039 
   1   (0.943) 0.944 0.943 0.995 0.954 0.961 

Locus 163 : 
2 alleles
30.5% missing data
   0   (0.227) 0.227 0.217 0.213 0.188 0.222 
   1   (0.773) 0.773 0.783 0.787 0.812 0.778 

Locus 164 : 
2 alleles
13.4% missing data
   0   (0.958) 0.959 0.928 0.996 0.983 0.974 
   1   (0.042) 0.041 0.072 0.004 0.017 0.026 

Locus 165 : 
2 alleles
14.6% missing data
   0   (0.871) 0.872 0.872 0.902 0.922 0.881 
   1   (0.129) 0.128 0.128 0.098 0.078 0.119 

Locus 166 : 
2 alleles
28.0% missing data
   1   (0.658) 0.658 0.793 0.580 0.639 0.659 
   0   (0.342) 0.342 0.207 0.420 0.361 0.341 

Locus 167 : 
2 alleles
28.0% missing data
   0   (0.905) 0.905 0.928 0.949 0.934 0.929 
   1   (0.095) 0.095 0.072 0.051 0.066 0.071 

Locus 168 : 
2 alleles
2.4% missing data
   0   (0.863) 0.865 0.863 0.937 0.894 0.826 
   1   (0.137) 0.135 0.137 0.063 0.106 0.174 

Locus 169 : 
2 alleles
0.0% missing data
   1   (0.593) 0.595 0.734 0.598 0.509 0.523 
   0   (0.407) 0.405 0.266 0.402 0.491 0.477 

Locus 170 : 
2 alleles
29.3% missing data
   0   (0.786) 0.786 0.895 0.942 0.698 0.727 
   1   (0.214) 0.214 0.105 0.058 0.302 0.273 

Locus 171 : 
2 alleles
6.1% missing data
   0   (0.918) 0.918 0.938 0.968 0.940 0.941 
   1   (0.082) 0.082 0.062 0.032 0.060 0.059 

Locus 172 : 
2 alleles
14.6% missing data
   0   (0.912) 0.913 0.919 0.620 0.964 0.945 
   1   (0.088) 0.087 0.081 0.380 0.036 0.055 

Locus 173 : 
2 alleles
11.0% missing data
   0   (0.811) 0.812 0.843 0.918 0.749 0.854 
   1   (0.189) 0.188 0.157 0.082 0.251 0.146 

Locus 174 : 
2 alleles
2.4% missing data
   0   (0.824) 0.823 0.872 0.914 0.829 0.824 
   1   (0.176) 0.177 0.128 0.086 0.171 0.176 

Locus 175 : 
2 alleles
3.7% missing data
   0   (0.895) 0.895 0.863 0.931 0.946 0.904 
   1   (0.105) 0.105 0.137 0.069 0.054 0.096 

Locus 176 : 
2 alleles
6.1% missing data
   0   (0.773) 0.773 0.791 0.757 0.848 0.750 
   1   (0.227) 0.227 0.209 0.243 0.152 0.250 

Locus 177 : 
2 alleles
19.5% missing data
   0   (0.655) 0.656 0.740 0.241 0.705 0.690 
   1   (0.345) 0.344 0.260 0.759 0.295 0.310 

Locus 178 : 
2 alleles
6.1% missing data
   1   (0.850) 0.850 0.939 0.935 0.800 0.837 
   0   (0.150) 0.150 0.061 0.065 0.200 0.163 

Locus 179 : 
2 alleles
1.2% missing data
   0   (0.780) 0.781 0.832 0.910 0.709 0.751 
   1   (0.220) 0.219 0.168 0.090 0.291 0.249 

Locus 180 : 
2 alleles
2.4% missing data
   1   (0.908) 0.906 0.954 0.983 0.944 0.913 
   0   (0.092) 0.094 0.046 0.017 0.056 0.087 

Locus 181 : 
2 alleles
1.2% missing data
   0   (0.490) 0.489 0.526 0.516 0.504 0.460 
   1   (0.510) 0.511 0.474 0.484 0.496 0.540 

Locus 182 : 
2 alleles
14.6% missing data
   0   (0.613) 0.612 0.799 0.524 0.536 0.668 
   1   (0.387) 0.388 0.201 0.476 0.464 0.332 

Locus 183 : 
2 alleles
18.3% missing data
   0   (0.638) 0.640 0.431 0.075 0.843 0.711 
   1   (0.362) 0.360 0.569 0.925 0.157 0.289 

Locus 184 : 
2 alleles
42.7% missing data
   1   (0.111) 0.111 0.166 0.015 0.104 0.095 
   0   (0.889) 0.889 0.834 0.985 0.896 0.905 

Locus 185 : 
2 alleles
3.7% missing data
   0   (0.932) 0.933 0.983 0.944 0.946 0.905 
   1   (0.068) 0.067 0.017 0.056 0.054 0.095 

Locus 186 : 
2 alleles
1.2% missing data
   0   (0.939) 0.939 0.947 0.995 0.950 0.958 
   1   (0.061) 0.061 0.053 0.005 0.050 0.042 

Locus 187 : 
2 alleles
4.9% missing data
   0   (0.923) 0.923 0.920 0.994 0.930 0.948 
   1   (0.077) 0.077 0.080 0.006 0.070 0.052 

Locus 188 : 
2 alleles
3.7% missing data
   1   (0.866) 0.866 0.967 0.926 0.834 0.852 
   0   (0.134) 0.134 0.033 0.074 0.166 0.148 

Locus 189 : 
2 alleles
35.4% missing data
   1   (0.684) 0.684 0.597 0.784 0.724 0.703 
   0   (0.316) 0.316 0.403 0.216 0.276 0.297 

Locus 190 : 
2 alleles
54.9% missing data
   1   (0.215) 0.215 0.197 0.146 0.175 0.231 
   0   (0.785) 0.785 0.803 0.854 0.825 0.769 

Locus 191 : 
2 alleles
1.2% missing data
   0   (0.928) 0.929 0.895 0.928 0.977 0.946 
   1   (0.072) 0.071 0.105 0.072 0.023 0.054 

Locus 192 : 
2 alleles
6.1% missing data
   0   (0.855) 0.854 0.862 0.900 0.884 0.883 
   1   (0.145) 0.146 0.138 0.100 0.116 0.117 

Locus 193 : 
2 alleles
3.7% missing data
   0   (0.936) 0.937 0.985 0.883 0.950 0.952 
   1   (0.064) 0.063 0.015 0.117 0.050 0.048 

Locus 194 : 
2 alleles
1.2% missing data
   1   (0.843) 0.843 0.850 0.863 0.907 0.805 
   0   (0.157) 0.157 0.150 0.137 0.093 0.195 

Locus 195 : 
2 alleles
1.2% missing data
   0   (0.951) 0.950 0.988 0.944 0.981 0.953 
   1   (0.049) 0.050 0.012 0.056 0.019 0.047 

Locus 196 : 
2 alleles
1.2% missing data
   0   (0.908) 0.908 0.917 0.890 0.964 0.907 
   1   (0.092) 0.092 0.083 0.110 0.036 0.093 

Locus 197 : 
2 alleles
28.0% missing data
   0   (0.739) 0.738 0.874 0.669 0.710 0.718 
   1   (0.261) 0.262 0.126 0.331 0.290 0.282 

Locus 198 : 
2 alleles
1.2% missing data
   0   (0.879) 0.879 0.939 0.837 0.912 0.877 
   1   (0.121) 0.121 0.061 0.163 0.088 0.123 

Locus 199 : 
2 alleles
8.5% missing data
   0   (0.890) 0.890 0.958 0.876 0.903 0.918 
   1   (0.110) 0.110 0.042 0.124 0.097 0.082 

Locus 200 : 
2 alleles
0.0% missing data
   0   (0.859) 0.859 0.808 0.952 0.894 0.870 
   1   (0.141) 0.141 0.192 0.048 0.106 0.130 

Locus 201 : 
2 alleles
2.4% missing data
   0   (0.788) 0.788 0.735 0.679 0.871 0.822 
   1   (0.212) 0.212 0.265 0.321 0.129 0.178 

Locus 202 : 
2 alleles
2.4% missing data
   0   (0.959) 0.959 0.859 0.997 0.986 0.976 
   1   (0.041) 0.041 0.141 0.003 0.014 0.024 

Locus 203 : 
2 alleles
13.4% missing data
   0   (0.918) 0.918 0.933 0.903 0.952 0.937 
   1   (0.082) 0.082 0.067 0.097 0.048 0.063 

Locus 204 : 
2 alleles
12.2% missing data
   0   (0.917) 0.917 0.960 0.992 0.863 0.935 
   1   (0.083) 0.083 0.040 0.008 0.137 0.065 

Locus 205 : 
2 alleles
19.5% missing data
   0   (0.880) 0.879 0.965 0.816 0.881 0.904 
   1   (0.120) 0.121 0.035 0.184 0.119 0.096 

Locus 206 : 
2 alleles
30.5% missing data
   0   (0.939) 0.940 0.966 0.937 0.970 0.959 
   1   (0.061) 0.060 0.034 0.063 0.030 0.041 

Locus 207 : 
2 alleles
1.2% missing data
   0   (0.961) 0.961 0.991 0.815 0.987 0.975 
   1   (0.039) 0.039 0.009 0.185 0.013 0.025 

Locus 208 : 
2 alleles
0.0% missing data
   0   (0.902) 0.901 0.847 0.992 0.942 0.899 
   1   (0.098) 0.099 0.153 0.008 0.058 0.101 

Locus 209 : 
2 alleles
13.4% missing data
   1   (0.591) 0.592 0.544 0.737 0.584 0.562 
   0   (0.409) 0.408 0.456 0.263 0.416 0.438 

Locus 210 : 
2 alleles
17.1% missing data
   0   (0.931) 0.931 0.984 0.915 0.934 0.951 
   1   (0.069) 0.069 0.016 0.085 0.066 0.049 

Locus 211 : 
2 alleles
18.3% missing data
   0   (0.870) 0.870 0.954 0.808 0.895 0.791 
   1   (0.130) 0.130 0.046 0.192 0.105 0.209 

Locus 212 : 
2 alleles
4.9% missing data
   0   (0.860) 0.859 0.926 0.926 0.845 0.889 
   1   (0.140) 0.141 0.074 0.074 0.155 0.111 

Locus 213 : 
2 alleles
0.0% missing data
   0   (0.925) 0.925 0.920 0.994 0.950 0.906 
   1   (0.075) 0.075 0.080 0.006 0.050 0.094 

Locus 214 : 
2 alleles
4.9% missing data
   0   (0.967) 0.968 0.992 0.888 0.990 0.981 
   1   (0.033) 0.032 0.008 0.112 0.010 0.019 

Locus 215 : 
2 alleles
3.7% missing data
   1   (0.810) 0.811 0.717 0.779 0.877 0.864 
   0   (0.190) 0.189 0.283 0.221 0.123 0.136 

Locus 216 : 
2 alleles
28.0% missing data
   0   (0.841) 0.841 0.742 0.983 0.831 0.858 
   1   (0.159) 0.159 0.258 0.017 0.169 0.142 

Locus 217 : 
2 alleles
37.8% missing data
   0   (0.961) 0.962 0.971 0.995 0.977 0.969 
   1   (0.039) 0.038 0.029 0.005 0.023 0.031 

Locus 218 : 
2 alleles
43.9% missing data
   0   (0.920) 0.921 0.918 0.966 0.948 0.944 
   1   (0.080) 0.079 0.082 0.034 0.052 0.056 

Locus 219 : 
2 alleles
29.3% missing data
   0   (0.481) 0.480 0.439 0.353 0.543 0.558 
   1   (0.519) 0.520 0.561 0.647 0.457 0.442 

Locus 220 : 
2 alleles
35.4% missing data
   0   (0.527) 0.526 0.684 0.692 0.437 0.486 
   1   (0.473) 0.474 0.316 0.308 0.563 0.514 

Locus 221 : 
2 alleles
17.1% missing data
   1   (0.538) 0.537 0.586 0.393 0.524 0.634 
   0   (0.462) 0.463 0.414 0.607 0.476 0.366 

Locus 222 : 
2 alleles
32.9% missing data
   0   (0.830) 0.831 0.891 0.595 0.891 0.837 
   1   (0.170) 0.169 0.109 0.405 0.109 0.163 

Locus 223 : 
2 alleles
3.7% missing data
   0   (0.895) 0.895 0.943 0.953 0.893 0.922 
   1   (0.105) 0.105 0.057 0.047 0.107 0.078 

Locus 224 : 
2 alleles
6.1% missing data
   1   (0.866) 0.865 0.963 0.877 0.857 0.882 
   0   (0.134) 0.135 0.037 0.123 0.143 0.118 

Locus 225 : 
2 alleles
0.0% missing data
   0   (0.903) 0.904 0.857 0.984 0.896 0.931 
   1   (0.097) 0.096 0.143 0.016 0.104 0.069 

Locus 226 : 
2 alleles
12.2% missing data
   0   (0.890) 0.891 0.879 0.982 0.855 0.917 
   1   (0.110) 0.109 0.121 0.018 0.145 0.083 

Locus 227 : 
2 alleles
39.0% missing data
   1   (0.525) 0.526 0.535 0.438 0.556 0.525 
   0   (0.475) 0.474 0.465 0.562 0.444 0.475 

Locus 228 : 
2 alleles
4.9% missing data
   0   (0.942) 0.943 0.986 0.628 0.972 0.952 
   1   (0.058) 0.057 0.014 0.372 0.028 0.048 

Locus 229 : 
2 alleles
7.3% missing data
   0   (0.951) 0.951 0.916 0.996 0.982 0.964 
   1   (0.049) 0.049 0.084 0.004 0.018 0.036 

Locus 230 : 
2 alleles
63.4% missing data
   0   (0.827) 0.827 0.880 0.865 0.822 0.845 
   1   (0.173) 0.173 0.120 0.135 0.178 0.155 

Locus 231 : 
2 alleles
12.2% missing data
   0   (0.508) 0.508 0.620 0.457 0.497 0.474 
   1   (0.492) 0.492 0.380 0.543 0.503 0.526 

Locus 232 : 
2 alleles
4.9% missing data
   1   (0.589) 0.588 0.634 0.637 0.580 0.634 
   0   (0.411) 0.412 0.366 0.363 0.420 0.366 

Locus 233 : 
2 alleles
61.0% missing data
   0   (0.809) 0.808 0.894 0.827 0.801 0.825 
   1   (0.191) 0.192 0.106 0.173 0.199 0.175 

Locus 234 : 
2 alleles
14.6% missing data
   0   (0.540) 0.540 0.587 0.538 0.518 0.499 
   1   (0.460) 0.460 0.413 0.462 0.482 0.501 

Locus 235 : 
2 alleles
6.1% missing data
   0   (0.924) 0.925 0.942 0.857 0.962 0.948 
   1   (0.076) 0.075 0.058 0.143 0.038 0.052 

Locus 236 : 
2 alleles
11.0% missing data
   1   (0.707) 0.706 0.879 0.719 0.597 0.719 
   0   (0.293) 0.294 0.121 0.281 0.403 0.281 

Locus 237 : 
2 alleles
35.4% missing data
   0   (0.950) 0.951 0.988 0.826 0.975 0.966 
   1   (0.050) 0.049 0.012 0.174 0.025 0.034 

Locus 238 : 
2 alleles
12.2% missing data
   0   (0.202) 0.201 0.345 0.136 0.170 0.152 
   1   (0.798) 0.799 0.655 0.864 0.830 0.848 

Locus 239 : 
2 alleles
23.2% missing data
   0   (0.875) 0.875 0.951 0.908 0.906 0.802 
   1   (0.125) 0.125 0.049 0.092 0.094 0.198 

Locus 240 : 
2 alleles
31.7% missing data
   0   (0.784) 0.784 0.905 0.649 0.736 0.820 
   1   (0.216) 0.216 0.095 0.351 0.264 0.180 

Locus 241 : 
2 alleles
18.3% missing data
   0   (0.881) 0.882 0.852 0.974 0.882 0.912 
   1   (0.119) 0.118 0.148 0.026 0.118 0.088 

Locus 242 : 
2 alleles
1.2% missing data
   0   (0.809) 0.808 0.818 0.911 0.813 0.857 
   1   (0.191) 0.192 0.182 0.089 0.187 0.143 

Locus 243 : 
2 alleles
17.1% missing data
   0   (0.466) 0.467 0.495 0.671 0.423 0.393 
   1   (0.534) 0.533 0.505 0.329 0.577 0.607 

Locus 244 : 
2 alleles
28.0% missing data
   0   (0.900) 0.899 0.955 0.973 0.894 0.921 
   1   (0.100) 0.101 0.045 0.027 0.106 0.079 

Locus 245 : 
2 alleles
9.8% missing data
   0   (0.903) 0.904 0.909 0.992 0.842 0.911 
   1   (0.097) 0.096 0.091 0.008 0.158 0.089 

Locus 246 : 
2 alleles
58.5% missing data
   0   (0.912) 0.911 0.941 0.975 0.929 0.914 
   1   (0.088) 0.089 0.059 0.025 0.071 0.086 

Locus 247 : 
2 alleles
41.5% missing data
   0   (0.763) 0.762 0.835 0.849 0.775 0.694 
   1   (0.237) 0.238 0.165 0.151 0.225 0.306 

Locus 248 : 
2 alleles
2.4% missing data
   0   (0.938) 0.939 0.985 0.983 0.942 0.926 
   1   (0.062) 0.061 0.015 0.017 0.058 0.074 

Locus 249 : 
2 alleles
20.7% missing data
   0   (0.911) 0.910 0.978 0.848 0.932 0.922 
   1   (0.089) 0.090 0.022 0.152 0.068 0.078 

Locus 250 : 
2 alleles
7.3% missing data
   0   (0.786) 0.788 0.682 0.902 0.791 0.808 
   1   (0.214) 0.212 0.318 0.098 0.209 0.192 

Locus 251 : 
2 alleles
47.6% missing data
   1   (0.248) 0.248 0.457 0.046 0.241 0.260 
   0   (0.752) 0.752 0.543 0.954 0.759 0.740 

Locus 252 : 
2 alleles
50.0% missing data
   0   (0.752) 0.752 0.835 0.753 0.726 0.760 
   1   (0.248) 0.248 0.165 0.247 0.274 0.240 

Locus 253 : 
2 alleles
26.8% missing data
   1   (0.126) 0.126 0.203 0.058 0.062 0.133 
   0   (0.874) 0.874 0.797 0.942 0.938 0.867 

Locus 254 : 
2 alleles
2.4% missing data
   0   (0.771) 0.772 0.758 0.567 0.796 0.833 
   1   (0.229) 0.228 0.242 0.433 0.204 0.167 

Locus 255 : 
2 alleles
4.9% missing data
   1   (0.588) 0.587 0.620 0.772 0.527 0.597 
   0   (0.412) 0.413 0.380 0.228 0.473 0.403 

Locus 256 : 
2 alleles
0.0% missing data
   1   (0.882) 0.882 0.896 0.957 0.913 0.887 
   0   (0.118) 0.118 0.104 0.043 0.087 0.113 

Locus 257 : 
2 alleles
24.4% missing data
   0   (0.947) 0.947 0.971 0.980 0.974 0.963 
   1   (0.053) 0.053 0.029 0.020 0.026 0.037 

Locus 258 : 
2 alleles
15.9% missing data
   0   (0.900) 0.900 0.899 0.990 0.868 0.915 
   1   (0.100) 0.100 0.101 0.010 0.132 0.085 

Locus 259 : 
2 alleles
0.0% missing data
   0   (0.935) 0.934 0.965 0.904 0.976 0.956 
   1   (0.065) 0.066 0.035 0.096 0.024 0.044 

Locus 260 : 
2 alleles
39.0% missing data
   0   (0.767) 0.768 0.684 0.834 0.799 0.801 
   1   (0.233) 0.232 0.316 0.166 0.201 0.199 

Locus 261 : 
2 alleles
53.7% missing data
   0   (0.925) 0.925 0.877 0.987 0.940 0.939 
   1   (0.075) 0.075 0.123 0.013 0.060 0.061 

Locus 262 : 
2 alleles
37.8% missing data
   0   (0.881) 0.881 0.888 0.858 0.919 0.912 
   1   (0.119) 0.119 0.112 0.142 0.081 0.088 

Locus 263 : 
2 alleles
8.5% missing data
   0   (0.716) 0.719 0.534 0.681 0.769 0.744 
   1   (0.284) 0.281 0.466 0.319 0.231 0.256 

Locus 264 : 
2 alleles
45.1% missing data
   0   (0.294) 0.294 0.280 0.189 0.293 0.299 
   1   (0.706) 0.706 0.720 0.811 0.707 0.701 

Locus 265 : 
2 alleles
8.5% missing data
   0   (0.875) 0.874 0.920 0.969 0.851 0.903 
   1   (0.125) 0.126 0.080 0.031 0.149 0.097 

Locus 266 : 
2 alleles
15.9% missing data
   0   (0.900) 0.900 0.781 0.990 0.940 0.888 
   1   (0.100) 0.100 0.219 0.010 0.060 0.112 

Locus 267 : 
2 alleles
0.0% missing data
   0   (0.375) 0.376 0.413 0.295 0.334 0.335 
   1   (0.625) 0.624 0.587 0.705 0.666 0.665 

Locus 268 : 
2 alleles
3.7% missing data
   0   (0.584) 0.585 0.642 0.622 0.521 0.584 
   1   (0.416) 0.415 0.358 0.378 0.479 0.416 

Locus 269 : 
2 alleles
31.7% missing data
   0   (0.446) 0.445 0.452 0.589 0.410 0.424 
   1   (0.554) 0.555 0.548 0.411 0.590 0.576 

Locus 270 : 
2 alleles
1.2% missing data
   0   (0.629) 0.629 0.724 0.614 0.671 0.519 
   1   (0.371) 0.371 0.276 0.386 0.329 0.481 

Locus 271 : 
2 alleles
3.7% missing data
   0   (0.885) 0.885 0.968 0.640 0.899 0.910 
   1   (0.115) 0.115 0.032 0.360 0.101 0.090 

Locus 272 : 
2 alleles
14.6% missing data
   0   (0.915) 0.916 0.947 0.959 0.948 0.898 
   1   (0.085) 0.084 0.053 0.041 0.052 0.102 

Locus 273 : 
2 alleles
61.0% missing data
   0   (0.910) 0.910 0.978 0.753 0.922 0.921 
   1   (0.090) 0.090 0.022 0.247 0.078 0.079 

Locus 274 : 
2 alleles
6.1% missing data
   0   (0.934) 0.935 0.966 0.940 0.961 0.950 
   1   (0.066) 0.065 0.034 0.060 0.039 0.050 

Locus 275 : 
2 alleles
58.5% missing data
   0   (0.841) 0.841 0.922 0.668 0.870 0.858 
   1   (0.159) 0.159 0.078 0.332 0.130 0.142 

Locus 276 : 
2 alleles
2.4% missing data
   0   (0.829) 0.829 0.828 0.952 0.825 0.833 
   1   (0.171) 0.171 0.172 0.048 0.175 0.167 

Locus 277 : 
2 alleles
4.9% missing data
   0   (0.916) 0.916 0.898 0.924 0.965 0.945 
   1   (0.084) 0.084 0.102 0.076 0.035 0.055 

Locus 278 : 
2 alleles
32.9% missing data
   1   (0.763) 0.763 0.785 0.830 0.731 0.800 
   0   (0.237) 0.237 0.215 0.170 0.269 0.200 

Locus 279 : 
2 alleles
15.9% missing data
   0   (0.916) 0.916 0.967 0.602 0.964 0.934 
   1   (0.084) 0.084 0.033 0.398 0.036 0.066 

Locus 280 : 
2 alleles
2.4% missing data
   0   (0.906) 0.907 0.855 0.993 0.910 0.918 
   1   (0.094) 0.093 0.145 0.007 0.090 0.082 

Locus 281 : 
2 alleles
0.0% missing data
   0   (0.792) 0.789 0.747 0.975 0.801 0.793 
   1   (0.208) 0.211 0.253 0.025 0.199 0.207 

Locus 282 : 
2 alleles
9.8% missing data
   0   (0.772) 0.772 0.888 0.623 0.795 0.725 
   1   (0.228) 0.228 0.112 0.377 0.205 0.275 

Locus 283 : 
2 alleles
1.2% missing data
   0   (0.856) 0.857 0.907 0.925 0.855 0.874 
   1   (0.144) 0.143 0.093 0.075 0.145 0.126 

Locus 284 : 
2 alleles
1.2% missing data
   0   (0.856) 0.856 0.896 0.780 0.912 0.887 
   1   (0.144) 0.144 0.104 0.220 0.088 0.113 

Locus 285 : 
2 alleles
1.2% missing data
   0   (0.692) 0.692 0.782 0.879 0.573 0.692 
   1   (0.308) 0.308 0.218 0.121 0.427 0.308 

Locus 286 : 
2 alleles
11.0% missing data
   0   (0.927) 0.927 0.937 0.935 0.964 0.950 
   1   (0.073) 0.073 0.063 0.065 0.036 0.050 

Locus 287 : 
2 alleles
3.7% missing data
   0   (0.878) 0.877 0.929 0.940 0.903 0.897 
   1   (0.122) 0.123 0.071 0.060 0.097 0.103 

Locus 288 : 
2 alleles
6.1% missing data
   0   (0.102) 0.101 0.197 0.019 0.049 0.103 
   1   (0.898) 0.899 0.803 0.981 0.951 0.897 

Locus 289 : 
2 alleles
8.5% missing data
   0   (0.762) 0.761 0.768 0.810 0.792 0.782 
   1   (0.238) 0.239 0.232 0.190 0.208 0.218 

Locus 290 : 
2 alleles
12.2% missing data
   0   (0.373) 0.373 0.480 0.297 0.297 0.403 
   1   (0.627) 0.627 0.520 0.703 0.703 0.597 

Locus 291 : 
2 alleles
35.4% missing data
   0   (0.774) 0.774 0.875 0.694 0.804 0.719 
   1   (0.226) 0.226 0.125 0.306 0.196 0.281 

Locus 292 : 
2 alleles
12.2% missing data
   0   (0.871) 0.872 0.898 0.892 0.887 0.892 
   1   (0.129) 0.128 0.102 0.108 0.113 0.108 

Locus 293 : 
2 alleles
20.7% missing data
   0   (0.827) 0.828 0.918 0.873 0.771 0.840 
   1   (0.173) 0.172 0.082 0.127 0.229 0.160 

Locus 294 : 
2 alleles
36.6% missing data
   1   (0.413) 0.412 0.817 0.136 0.265 0.376 
   0   (0.587) 0.588 0.183 0.864 0.735 0.624 

Locus 295 : 
2 alleles
11.0% missing data
   0   (0.823) 0.824 0.776 0.728 0.859 0.878 
   1   (0.177) 0.176 0.224 0.272 0.141 0.122 

Locus 296 : 
2 alleles
9.8% missing data
   0   (0.943) 0.943 0.983 0.608 0.978 0.961 
   1   (0.057) 0.057 0.017 0.392 0.022 0.039 

Locus 297 : 
2 alleles
11.0% missing data
   0   (0.874) 0.874 0.927 0.816 0.939 0.860 
   1   (0.126) 0.126 0.073 0.184 0.061 0.140 

Locus 298 : 
2 alleles
22.0% missing data
   0   (0.773) 0.773 0.804 0.874 0.784 0.764 
   1   (0.227) 0.227 0.196 0.126 0.216 0.236 

Locus 299 : 
2 alleles
3.7% missing data
   0   (0.197) 0.196 0.141 0.082 0.305 0.162 
   1   (0.803) 0.804 0.859 0.918 0.695 0.838 

Locus 300 : 
2 alleles
22.0% missing data
   1   (0.338) 0.339 0.308 0.610 0.225 0.347 
   0   (0.662) 0.661 0.692 0.390 0.775 0.653 

Values of parameters used in structure:
DATAFILE=/Users/Amy 1/Desktop/Population_Genetics/Lab/R/Lab_8/Lab8/project_data,	OUTFILE=/Users/Amy 1/Desktop/Population_Genetics/Lab/R/Lab_8/Lab8/Set_One/Results/Set_One_run_15,	NUMINDS=82,	NUMLOCI=300,	MISSING=-9,	LABEL=1,	POPDATA=1,	POPFLAG=0,	PHENOTYPE=0,	EXTRACOLS=0,	MAXPOPS=5,	BURNIN=5000,	NUMREPS=10000,	USEPOPINFO=0,	INFERALPHA=1,	INFERLAMBDA=0,	POPSPECIFICLAMBDA=0,	POPALPHAS=0,	COMPUTEPROB=1,	NOADMIX=0,	ADMBURNIN=2500,	UPDATEFREQ=1,	PRINTLIKES=0,	INTERMEDSAVE=0,	PRINTKLD=0,	PRINTNET=0,	PRINTLAMBDA=0,	ANCESTDIST=0,	NUMBOXES=1000,	ANCESTPINT=0.90000,	GENSBACK=2,	MIGRPRIOR=0.05000,	PRINTQHAT=0,	PRINTQSUM=0,	ALPHA=1.0000,	FREQSCORR=1,	FPRIORMEAN=0.0100,	FPRIORSD=0.0500,	ONEFST=0,	LAMBDA=1.0000,	UNIFPRIORALPHA=1,	ALPHAMAX=10.0000,	ALPHAPRIORA=1.0000,	ALPHAPRIORB=2.0000,	ALPHAPROPSD=0.0250,	STARTATPOPINFO=0,	RANDOMIZE=1,	LINKAGE=0,	METROFREQ=10,	REPORTHITRATE=0,	MARKOVPHASE=-1,	PHASED=0,	PLOIDY=2,	PHASEINFO=0	LOCPRIOR=0, 	LOCPRIORINIT=1.000000, 	LOCDATA=0, 	LOCISPOP=0, 	LOCPRIORSTEP=0.100000, 	MAXLOCPRIOR=20.000000, 	SEED=1571413182,	
[STRAT parameters]:    NUMSIMSTATS=1000,	PHENOTYPECOL=-9,	POOLFREQ=10,	LOCUSxONLY=0,	EMERROR=0.00100,	MISSINGPHENO=-9,	