

----------------------------------------------------
STRUCTURE by Pritchard, Stephens and Donnelly (2000)
     and Falush, Stephens and Pritchard (2003)
       Code by Pritchard, Falush and Hubisz
             Version 2.3.4 (Jul 2012)
----------------------------------------------------



Command line arguments:   bin/structure -m "/Users/Amy 1/Desktop/Population_Genetics/Lab/R/Lab_8/Lab8/Set_One/mainparams" -e "/Users/Amy 1/Desktop/Population_Genetics/Lab/R/Lab_8/Lab8/Set_One/extraparams" 
Input File:    /Users/Amy 1/Desktop/Population_Genetics/Lab/R/Lab_8/Lab8/project_data

Run parameters:
   82 individuals
   300 loci
   5 populations assumed
   5000 Burn-in period
   10000 Reps


--------------------------------------------
Proportion of membership of each pre-defined
 population in each of the 5 clusters

Given    Inferred Clusters                     Number of
 Pop       1      2      3      4      5      Individuals

  1:     0.114  0.013  0.708  0.152  0.013       26
  2:     0.008  0.006  0.007  0.009  0.970       36
  3:     0.078  0.843  0.010  0.059  0.010       20
--------------------------------------------

Allele-freq. divergence among pops (Net nucleotide distance),
computed using point estimates of P.

      1       2       3       4       5      
 1      -    0.0056  0.0026  0.0003  0.0148  
 2   0.0056     -    0.0120  0.0065  0.0249  
 3   0.0026  0.0120     -    0.0026  0.0207  
 4   0.0003  0.0065  0.0026     -    0.0160  
 5   0.0148  0.0249  0.0207  0.0160     -    

Average distances (expected heterozygosity) between individuals in same cluster:
cluster  1  : 0.2717 
cluster  2  : 0.2441 
cluster  3  : 0.2510 
cluster  4  : 0.2647 
cluster  5  : 0.2303 

--------------------------------------------
Estimated Ln Prob of Data   = -15771.1
Mean value of ln likelihood = -15379.4
Variance of ln likelihood   = 783.5
Mean value of alpha         = 0.0339

Mean value of Fst_1         = 0.0027
Mean value of Fst_2         = 0.0784
Mean value of Fst_3         = 0.0609
Mean value of Fst_4         = 0.0367
Mean value of Fst_5         = 0.1416


Inferred ancestry of individuals:
        Label (%Miss) Pop:  Inferred clusters
  1     1001    (3)    3 :  0.007 0.977 0.007 0.008 0.001 
  2     1002    (5)    3 :  0.096 0.839 0.007 0.049 0.009 
  3     1003    (3)    3 :  0.006 0.982 0.004 0.007 0.001 
  4     1004    (3)    3 :  0.309 0.443 0.021 0.219 0.008 
  5     1005    (7)    3 :  0.006 0.975 0.008 0.007 0.004 
  6     1006    (9)    3 :  0.010 0.954 0.014 0.018 0.004 
  7     1007    (4)    3 :  0.013 0.955 0.010 0.014 0.008 
  8     1008    (6)    3 :  0.003 0.967 0.013 0.012 0.005 
  9     1009    (4)    3 :  0.178 0.290 0.014 0.515 0.003 
 10     1010    (6)    3 :  0.005 0.975 0.006 0.012 0.002 
 11     1011    (5)    3 :  0.008 0.982 0.004 0.003 0.002 
 12     1012    (3)    3 :  0.443 0.361 0.008 0.178 0.010 
 13     1013    (3)    3 :  0.049 0.918 0.010 0.019 0.004 
 14     1014    (5)    3 :  0.009 0.976 0.010 0.003 0.002 
 15     1015    (5)    3 :  0.016 0.937 0.009 0.032 0.005 
 16     1016    (2)    3 :  0.005 0.986 0.002 0.004 0.004 
 17     1017    (4)    3 :  0.374 0.434 0.026 0.050 0.117 
 18     1018    (4)    3 :  0.004 0.986 0.003 0.007 0.001 
 19     1019    (2)    3 :  0.006 0.945 0.024 0.017 0.007 
 20     1020    (3)    3 :  0.005 0.987 0.002 0.004 0.002 
 21     1601   (19)    2 :  0.006 0.004 0.006 0.007 0.977 
 22     1602    (7)    2 :  0.005 0.005 0.003 0.004 0.984 
 23     1603    (5)    2 :  0.004 0.001 0.002 0.003 0.990 
 24     1604    (7)    2 :  0.003 0.004 0.002 0.003 0.988 
 25     1605    (7)    2 :  0.004 0.002 0.001 0.003 0.990 
 26     1606    (9)    2 :  0.004 0.006 0.006 0.009 0.975 
 27     1607   (15)    2 :  0.007 0.005 0.017 0.004 0.966 
 28     1608   (13)    2 :  0.006 0.003 0.007 0.007 0.977 
 29     1609   (10)    2 :  0.009 0.007 0.003 0.005 0.975 
 30     1610    (8)    2 :  0.002 0.004 0.003 0.002 0.989 
 31     1611   (19)    2 :  0.002 0.001 0.003 0.002 0.992 
 32     1612   (10)    2 :  0.015 0.059 0.003 0.006 0.917 
 33     1613    (7)    2 :  0.015 0.009 0.009 0.020 0.947 
 34     1614   (10)    2 :  0.003 0.004 0.001 0.002 0.990 
 35     1615    (7)    2 :  0.014 0.002 0.006 0.012 0.966 
 36     1616    (7)    2 :  0.002 0.003 0.002 0.003 0.990 
 37     1617    (9)    2 :  0.009 0.007 0.013 0.010 0.960 
 38     1618   (23)    2 :  0.002 0.002 0.005 0.003 0.987 
 39     1619   (12)    2 :  0.011 0.003 0.015 0.014 0.957 
 40     1620   (15)    2 :  0.003 0.002 0.001 0.002 0.992 
 41     1621   (11)    2 :  0.003 0.003 0.003 0.002 0.990 
 42     1622   (16)    2 :  0.006 0.004 0.009 0.011 0.970 
 43     1623   (12)    2 :  0.004 0.002 0.005 0.004 0.984 
 44     1624   (15)    2 :  0.002 0.001 0.003 0.004 0.991 
 45     1625    (5)    2 :  0.013 0.012 0.008 0.011 0.955 
 46     1626    (8)    2 :  0.024 0.013 0.010 0.006 0.946 
 47     1627   (18)    2 :  0.015 0.007 0.044 0.038 0.895 
 48     1628   (24)    2 :  0.004 0.004 0.003 0.007 0.983 
 49     1629   (21)    2 :  0.004 0.001 0.005 0.003 0.988 
 50     1630   (33)    2 :  0.035 0.010 0.018 0.058 0.879 
 51     1631   (30)    2 :  0.019 0.003 0.014 0.023 0.940 
 52     1632   (25)    2 :  0.004 0.003 0.004 0.002 0.987 
 53     1633   (20)    2 :  0.004 0.003 0.007 0.003 0.983 
 54     1634   (16)    2 :  0.002 0.002 0.005 0.006 0.984 
 55     1635   (23)    2 :  0.011 0.006 0.005 0.010 0.968 
 56     1636   (20)    2 :  0.006 0.003 0.005 0.006 0.980 
 57 1831-13469   (26)    1 :  0.010 0.002 0.962 0.023 0.004 
 58 2511-04833   (17)    1 :  0.003 0.003 0.975 0.017 0.001 
 59 2600-27318   (12)    1 :  0.231 0.004 0.516 0.222 0.028 
 60 2600-27353   (29)    1 :  0.210 0.014 0.264 0.501 0.010 
 61 2600-27665   (14)    1 :  0.006 0.085 0.855 0.053 0.001 
 62 2600-27679   (33)    1 :  0.014 0.006 0.964 0.013 0.002 
 63 2600-27714   (15)    1 :  0.221 0.017 0.524 0.229 0.009 
 64 2600-27772   (25)    1 :  0.082 0.033 0.536 0.346 0.003 
 65 2600-54720   (25)    1 :  0.047 0.006 0.929 0.005 0.013 
 66 2600-54869   (15)    1 :  0.033 0.006 0.654 0.297 0.010 
 67 2600-54934   (17)    1 :  0.278 0.007 0.457 0.206 0.052 
 68 2600-54936   (24)    1 :  0.097 0.006 0.886 0.008 0.002 
 69 2600-54946   (31)    1 :  0.041 0.005 0.877 0.071 0.006 
 70 2600-54962   (18)    1 :  0.010 0.003 0.970 0.015 0.001 
 71 2600-54972   (19)    1 :  0.023 0.006 0.946 0.016 0.009 
 72 2600-54979   (17)    1 :  0.097 0.011 0.207 0.674 0.011 
 73 2640-97014   (38)    1 :  0.148 0.004 0.720 0.109 0.019 
 74 2640-97015   (11)    1 :  0.041 0.006 0.905 0.033 0.015 
 75 2640-97016   (15)    1 :  0.055 0.016 0.893 0.035 0.002 
 76 2640-97017   (28)    1 :  0.144 0.003 0.576 0.269 0.008 
 77 2640-97129   (20)    1 :  0.055 0.004 0.688 0.161 0.093 
 78 2640-97130   (57)    1 :  0.151 0.006 0.578 0.258 0.008 
 79 2640-97131   (34)    1 :  0.470 0.059 0.369 0.097 0.004 
 80 2640-97134   (37)    1 :  0.446 0.021 0.354 0.175 0.005 
 81 2640-97135   (48)    1 :  0.026 0.006 0.915 0.048 0.006 
 82 2640-97137   (19)    1 :  0.019 0.007 0.889 0.078 0.007 


Estimated Allele Frequencies in each cluster
First column gives estimated ancestral frequencies


Locus 1 : 
2 alleles
7.3% missing data
   0   (0.742) 0.743 0.836 0.695 0.753 0.677 
   1   (0.258) 0.257 0.164 0.305 0.247 0.323 

Locus 2 : 
2 alleles
12.2% missing data
   1   (0.176) 0.176 0.438 0.115 0.154 0.036 
   0   (0.824) 0.824 0.562 0.885 0.846 0.964 

Locus 3 : 
2 alleles
11.0% missing data
   0   (0.344) 0.345 0.471 0.289 0.335 0.195 
   1   (0.656) 0.655 0.529 0.711 0.665 0.805 

Locus 4 : 
2 alleles
36.6% missing data
   0   (0.838) 0.838 0.773 0.868 0.852 0.946 
   1   (0.162) 0.162 0.227 0.132 0.148 0.054 

Locus 5 : 
2 alleles
52.4% missing data
   0   (0.901) 0.901 0.946 0.929 0.912 0.919 
   1   (0.099) 0.099 0.054 0.071 0.088 0.081 

Locus 6 : 
2 alleles
15.9% missing data
   0   (0.892) 0.893 0.931 0.847 0.888 0.979 
   1   (0.108) 0.107 0.069 0.153 0.112 0.021 

Locus 7 : 
2 alleles
47.6% missing data
   0   (0.850) 0.849 0.935 0.908 0.810 0.762 
   1   (0.150) 0.151 0.065 0.092 0.190 0.238 

Locus 8 : 
2 alleles
52.4% missing data
   0   (0.824) 0.824 0.925 0.885 0.787 0.679 
   1   (0.176) 0.176 0.075 0.115 0.213 0.321 

Locus 9 : 
2 alleles
4.9% missing data
   0   (0.904) 0.904 0.954 0.933 0.920 0.888 
   1   (0.096) 0.096 0.046 0.067 0.080 0.112 

Locus 10 : 
2 alleles
1.2% missing data
   1   (0.750) 0.751 0.733 0.754 0.763 0.760 
   0   (0.250) 0.249 0.267 0.246 0.237 0.240 

Locus 11 : 
2 alleles
0.0% missing data
   0   (0.896) 0.896 0.850 0.961 0.901 0.913 
   1   (0.104) 0.104 0.150 0.039 0.099 0.087 

Locus 12 : 
2 alleles
7.3% missing data
   0   (0.953) 0.952 0.981 0.982 0.956 0.972 
   1   (0.047) 0.048 0.019 0.018 0.044 0.028 

Locus 13 : 
2 alleles
18.3% missing data
   1   (0.918) 0.919 0.872 0.952 0.933 0.959 
   0   (0.082) 0.081 0.128 0.048 0.067 0.041 

Locus 14 : 
2 alleles
6.1% missing data
   0   (0.934) 0.935 0.787 0.964 0.948 0.995 
   1   (0.066) 0.065 0.213 0.036 0.052 0.005 

Locus 15 : 
2 alleles
6.1% missing data
   0   (0.935) 0.936 0.787 0.964 0.947 0.995 
   1   (0.065) 0.064 0.213 0.036 0.053 0.005 

Locus 16 : 
2 alleles
8.5% missing data
   0   (0.944) 0.945 0.969 0.980 0.956 0.901 
   1   (0.056) 0.055 0.031 0.020 0.044 0.099 

Locus 17 : 
2 alleles
7.3% missing data
   1   (0.749) 0.750 0.823 0.733 0.784 0.638 
   0   (0.251) 0.250 0.177 0.267 0.216 0.362 

Locus 18 : 
2 alleles
43.9% missing data
   0   (0.859) 0.858 0.963 0.713 0.855 0.961 
   1   (0.141) 0.142 0.037 0.287 0.145 0.039 

Locus 19 : 
2 alleles
36.6% missing data
   0   (0.822) 0.824 0.849 0.753 0.835 0.921 
   1   (0.178) 0.176 0.151 0.247 0.165 0.079 

Locus 20 : 
2 alleles
0.0% missing data
   0   (0.813) 0.812 0.922 0.833 0.811 0.708 
   1   (0.187) 0.188 0.078 0.167 0.189 0.292 

Locus 21 : 
2 alleles
0.0% missing data
   1   (0.847) 0.845 0.807 0.916 0.863 0.913 
   0   (0.153) 0.155 0.193 0.084 0.137 0.087 

Locus 22 : 
2 alleles
4.9% missing data
   1   (0.892) 0.893 0.785 0.957 0.891 0.941 
   0   (0.108) 0.107 0.215 0.043 0.109 0.059 

Locus 23 : 
2 alleles
17.1% missing data
   0   (0.949) 0.950 0.966 0.980 0.959 0.952 
   1   (0.051) 0.050 0.034 0.020 0.041 0.048 

Locus 24 : 
2 alleles
26.8% missing data
   0   (0.934) 0.935 0.983 0.880 0.922 0.993 
   1   (0.066) 0.065 0.017 0.120 0.078 0.007 

Locus 25 : 
2 alleles
32.9% missing data
   0   (0.674) 0.675 0.712 0.596 0.683 0.822 
   1   (0.326) 0.325 0.288 0.404 0.317 0.178 

Locus 26 : 
2 alleles
3.7% missing data
   0   (0.848) 0.848 0.815 0.911 0.829 0.950 
   1   (0.152) 0.152 0.185 0.089 0.171 0.050 

Locus 27 : 
2 alleles
0.0% missing data
   0   (0.881) 0.880 0.958 0.912 0.877 0.878 
   1   (0.119) 0.120 0.042 0.088 0.123 0.122 

Locus 28 : 
2 alleles
26.8% missing data
   0   (0.893) 0.893 0.948 0.936 0.912 0.768 
   1   (0.107) 0.107 0.052 0.064 0.088 0.232 

Locus 29 : 
2 alleles
14.6% missing data
   1   (0.459) 0.460 0.651 0.340 0.473 0.285 
   0   (0.541) 0.540 0.349 0.660 0.527 0.715 

Locus 30 : 
2 alleles
31.7% missing data
   0   (0.887) 0.887 0.919 0.822 0.895 0.987 
   1   (0.113) 0.113 0.081 0.178 0.105 0.013 

Locus 31 : 
2 alleles
13.4% missing data
   0   (0.899) 0.900 0.892 0.886 0.902 0.991 
   1   (0.101) 0.100 0.108 0.114 0.098 0.009 

Locus 32 : 
2 alleles
0.0% missing data
   0   (0.868) 0.869 0.884 0.902 0.857 0.874 
   1   (0.132) 0.131 0.116 0.098 0.143 0.126 

Locus 33 : 
2 alleles
18.3% missing data
   0   (0.904) 0.906 0.882 0.955 0.922 0.814 
   1   (0.096) 0.094 0.118 0.045 0.078 0.186 

Locus 34 : 
2 alleles
20.7% missing data
   1   (0.826) 0.825 0.919 0.773 0.813 0.959 
   0   (0.174) 0.175 0.081 0.227 0.187 0.041 

Locus 35 : 
2 alleles
15.9% missing data
   0   (0.655) 0.653 0.782 0.588 0.679 0.777 
   1   (0.345) 0.347 0.218 0.412 0.321 0.223 

Locus 36 : 
2 alleles
12.2% missing data
   0   (0.934) 0.935 0.983 0.939 0.949 0.885 
   1   (0.066) 0.065 0.017 0.061 0.051 0.115 

Locus 37 : 
2 alleles
3.7% missing data
   0   (0.794) 0.794 0.810 0.845 0.821 0.663 
   1   (0.206) 0.206 0.190 0.155 0.179 0.337 

Locus 38 : 
2 alleles
18.3% missing data
   0   (0.917) 0.916 0.956 0.949 0.927 0.963 
   1   (0.083) 0.084 0.044 0.051 0.073 0.037 

Locus 39 : 
2 alleles
18.3% missing data
   0   (0.816) 0.814 0.886 0.797 0.798 0.969 
   1   (0.184) 0.186 0.114 0.203 0.202 0.031 

Locus 40 : 
2 alleles
13.4% missing data
   0   (0.784) 0.783 0.845 0.797 0.805 0.753 
   1   (0.216) 0.217 0.155 0.203 0.195 0.247 

Locus 41 : 
2 alleles
43.9% missing data
   1   (0.064) 0.063 0.146 0.035 0.054 0.009 
   0   (0.936) 0.937 0.854 0.965 0.946 0.991 

Locus 42 : 
2 alleles
3.7% missing data
   0   (0.946) 0.947 0.944 0.983 0.959 0.970 
   1   (0.054) 0.053 0.056 0.017 0.041 0.030 

Locus 43 : 
2 alleles
7.3% missing data
   0   (0.847) 0.848 0.844 0.928 0.837 0.729 
   1   (0.153) 0.152 0.156 0.072 0.163 0.271 

Locus 44 : 
2 alleles
7.3% missing data
   0   (0.948) 0.948 0.899 0.983 0.956 0.996 
   1   (0.052) 0.052 0.101 0.017 0.044 0.004 

Locus 45 : 
2 alleles
40.2% missing data
   0   (0.715) 0.712 0.810 0.712 0.706 0.855 
   1   (0.285) 0.288 0.190 0.288 0.294 0.145 

Locus 46 : 
2 alleles
11.0% missing data
   0   (0.905) 0.906 0.868 0.897 0.912 0.991 
   1   (0.095) 0.094 0.132 0.103 0.088 0.009 

Locus 47 : 
2 alleles
0.0% missing data
   0   (0.871) 0.872 0.924 0.882 0.892 0.862 
   1   (0.129) 0.128 0.076 0.118 0.108 0.138 

Locus 48 : 
2 alleles
42.7% missing data
   0   (0.959) 0.959 0.989 0.965 0.962 0.994 
   1   (0.041) 0.041 0.011 0.035 0.038 0.006 

Locus 49 : 
2 alleles
39.0% missing data
   0   (0.888) 0.886 0.937 0.901 0.866 0.986 
   1   (0.112) 0.114 0.063 0.099 0.134 0.014 

Locus 50 : 
2 alleles
4.9% missing data
   1   (0.342) 0.342 0.444 0.354 0.317 0.137 
   0   (0.658) 0.658 0.556 0.646 0.683 0.863 

Locus 51 : 
2 alleles
14.6% missing data
   0   (0.605) 0.605 0.630 0.574 0.644 0.623 
   1   (0.395) 0.395 0.370 0.426 0.356 0.377 

Locus 52 : 
2 alleles
29.3% missing data
   1   (0.272) 0.270 0.328 0.197 0.270 0.398 
   0   (0.728) 0.730 0.672 0.803 0.730 0.602 

Locus 53 : 
2 alleles
1.2% missing data
   1   (0.796) 0.795 0.852 0.777 0.797 0.908 
   0   (0.204) 0.205 0.148 0.223 0.203 0.092 

Locus 54 : 
2 alleles
11.0% missing data
   0   (0.925) 0.925 0.892 0.952 0.940 0.984 
   1   (0.075) 0.075 0.108 0.048 0.060 0.016 

Locus 55 : 
2 alleles
13.4% missing data
   0   (0.774) 0.774 0.802 0.840 0.788 0.632 
   1   (0.226) 0.226 0.198 0.160 0.212 0.368 

Locus 56 : 
2 alleles
11.0% missing data
   0   (0.852) 0.851 0.884 0.807 0.836 0.988 
   1   (0.148) 0.149 0.116 0.193 0.164 0.012 

Locus 57 : 
2 alleles
17.1% missing data
   0   (0.695) 0.696 0.639 0.784 0.696 0.624 
   1   (0.305) 0.304 0.361 0.216 0.304 0.376 

Locus 58 : 
2 alleles
20.7% missing data
   0   (0.796) 0.796 0.859 0.790 0.823 0.700 
   1   (0.204) 0.204 0.141 0.210 0.177 0.300 

Locus 59 : 
2 alleles
28.0% missing data
   0   (0.873) 0.874 0.967 0.914 0.891 0.204 
   1   (0.127) 0.126 0.033 0.086 0.109 0.796 

Locus 60 : 
2 alleles
36.6% missing data
   0   (0.340) 0.339 0.286 0.379 0.332 0.373 
   1   (0.660) 0.661 0.714 0.621 0.668 0.627 

Locus 61 : 
2 alleles
7.3% missing data
   0   (0.874) 0.874 0.655 0.944 0.887 0.978 
   1   (0.126) 0.126 0.345 0.056 0.113 0.022 

Locus 62 : 
2 alleles
2.4% missing data
   0   (0.856) 0.856 0.892 0.868 0.870 0.927 
   1   (0.144) 0.144 0.108 0.132 0.130 0.073 

Locus 63 : 
2 alleles
30.5% missing data
   0   (0.931) 0.932 0.940 0.972 0.942 0.908 
   1   (0.069) 0.068 0.060 0.028 0.058 0.092 

Locus 64 : 
2 alleles
1.2% missing data
   0   (0.795) 0.796 0.880 0.765 0.806 0.799 
   1   (0.205) 0.204 0.120 0.235 0.194 0.201 

Locus 65 : 
2 alleles
23.2% missing data
   0   (0.742) 0.742 0.797 0.721 0.713 0.857 
   1   (0.258) 0.258 0.203 0.279 0.287 0.143 

Locus 66 : 
1 alleles
6.1% missing data
   0   (1.000) 1.000 1.000 1.000 1.000 1.000 

Locus 67 : 
2 alleles
8.5% missing data
   0   (0.923) 0.925 0.961 0.956 0.937 0.742 
   1   (0.077) 0.075 0.039 0.044 0.063 0.258 

Locus 68 : 
2 alleles
34.1% missing data
   0   (0.942) 0.943 0.965 0.974 0.951 0.953 
   1   (0.058) 0.057 0.035 0.026 0.049 0.047 

Locus 69 : 
2 alleles
4.9% missing data
   0   (0.070) 0.069 0.133 0.021 0.057 0.028 
   1   (0.930) 0.931 0.867 0.979 0.943 0.972 

Locus 70 : 
2 alleles
20.7% missing data
   0   (0.864) 0.863 0.873 0.901 0.871 0.941 
   1   (0.136) 0.137 0.127 0.099 0.129 0.059 

Locus 71 : 
2 alleles
1.2% missing data
   0   (0.941) 0.941 0.969 0.944 0.945 0.995 
   1   (0.059) 0.059 0.031 0.056 0.055 0.005 

Locus 72 : 
2 alleles
12.2% missing data
   0   (0.895) 0.895 0.929 0.915 0.910 0.905 
   1   (0.105) 0.105 0.071 0.085 0.090 0.095 

Locus 73 : 
2 alleles
2.4% missing data
   0   (0.880) 0.878 0.957 0.863 0.878 0.980 
   1   (0.120) 0.122 0.043 0.137 0.122 0.020 

Locus 74 : 
2 alleles
24.4% missing data
   0   (0.956) 0.957 0.988 0.980 0.965 0.898 
   1   (0.044) 0.043 0.012 0.020 0.035 0.102 

Locus 75 : 
2 alleles
54.9% missing data
   0   (0.840) 0.839 0.917 0.806 0.843 0.922 
   1   (0.160) 0.161 0.083 0.194 0.157 0.078 

Locus 76 : 
2 alleles
41.5% missing data
   0   (0.862) 0.863 0.900 0.864 0.881 0.771 
   1   (0.138) 0.137 0.100 0.136 0.119 0.229 

Locus 77 : 
2 alleles
43.9% missing data
   1   (0.801) 0.799 0.786 0.836 0.786 0.945 
   0   (0.199) 0.201 0.214 0.164 0.214 0.055 

Locus 78 : 
2 alleles
6.1% missing data
   0   (0.619) 0.617 0.809 0.652 0.593 0.397 
   1   (0.381) 0.383 0.191 0.348 0.407 0.603 

Locus 79 : 
2 alleles
3.7% missing data
   0   (0.888) 0.888 0.943 0.910 0.903 0.910 
   1   (0.112) 0.112 0.057 0.090 0.097 0.090 

Locus 80 : 
2 alleles
0.0% missing data
   0   (0.805) 0.806 0.864 0.765 0.806 0.870 
   1   (0.195) 0.194 0.136 0.235 0.194 0.130 

Locus 81 : 
2 alleles
45.1% missing data
   0   (0.424) 0.426 0.459 0.401 0.432 0.259 
   1   (0.576) 0.574 0.541 0.599 0.568 0.741 

Locus 82 : 
2 alleles
7.3% missing data
   0   (0.867) 0.866 0.960 0.788 0.846 0.976 
   1   (0.133) 0.134 0.040 0.212 0.154 0.024 

Locus 83 : 
2 alleles
2.4% missing data
   0   (0.578) 0.577 0.591 0.582 0.605 0.490 
   1   (0.422) 0.423 0.409 0.418 0.395 0.510 

Locus 84 : 
2 alleles
18.3% missing data
   0   (0.834) 0.833 0.924 0.811 0.809 0.950 
   1   (0.166) 0.167 0.076 0.189 0.191 0.050 

Locus 85 : 
2 alleles
47.6% missing data
   0   (0.804) 0.804 0.803 0.824 0.805 0.920 
   1   (0.196) 0.196 0.197 0.176 0.195 0.080 

Locus 86 : 
2 alleles
28.0% missing data
   0   (0.831) 0.831 0.915 0.812 0.817 0.888 
   1   (0.169) 0.169 0.085 0.188 0.183 0.112 

Locus 87 : 
2 alleles
4.9% missing data
   0   (0.855) 0.856 0.881 0.897 0.831 0.874 
   1   (0.145) 0.144 0.119 0.103 0.169 0.126 

Locus 88 : 
2 alleles
51.2% missing data
   1   (0.284) 0.282 0.195 0.269 0.275 0.575 
   0   (0.716) 0.718 0.805 0.731 0.725 0.425 

Locus 89 : 
2 alleles
11.0% missing data
   0   (0.929) 0.929 0.977 0.973 0.941 0.583 
   1   (0.071) 0.071 0.023 0.027 0.059 0.417 

Locus 90 : 
2 alleles
1.2% missing data
   0   (0.884) 0.882 0.939 0.914 0.884 0.966 
   1   (0.116) 0.118 0.061 0.086 0.116 0.034 

Locus 91 : 
2 alleles
14.6% missing data
   0   (0.928) 0.929 0.852 0.958 0.922 0.994 
   1   (0.072) 0.071 0.148 0.042 0.078 0.006 

Locus 92 : 
2 alleles
9.8% missing data
   0   (0.911) 0.912 0.913 0.909 0.919 0.985 
   1   (0.089) 0.088 0.087 0.091 0.081 0.015 

Locus 93 : 
2 alleles
29.3% missing data
   1   (0.774) 0.774 0.872 0.731 0.792 0.731 
   0   (0.226) 0.226 0.128 0.269 0.208 0.269 

Locus 94 : 
2 alleles
14.6% missing data
   0   (0.572) 0.573 0.503 0.685 0.580 0.380 
   1   (0.428) 0.427 0.497 0.315 0.420 0.620 

Locus 95 : 
2 alleles
4.9% missing data
   1   (0.770) 0.771 0.804 0.801 0.791 0.660 
   0   (0.230) 0.229 0.196 0.199 0.209 0.340 

Locus 96 : 
2 alleles
14.6% missing data
   0   (0.369) 0.370 0.387 0.335 0.329 0.462 
   1   (0.631) 0.630 0.613 0.665 0.671 0.538 

Locus 97 : 
2 alleles
41.5% missing data
   0   (0.795) 0.795 0.928 0.729 0.787 0.769 
   1   (0.205) 0.205 0.072 0.271 0.213 0.231 

Locus 98 : 
2 alleles
4.9% missing data
   0   (0.764) 0.764 0.779 0.778 0.746 0.908 
   1   (0.236) 0.236 0.221 0.222 0.254 0.092 

Locus 99 : 
2 alleles
0.0% missing data
   0   (0.840) 0.841 0.775 0.847 0.868 0.951 
   1   (0.160) 0.159 0.225 0.153 0.132 0.049 

Locus 100 : 
2 alleles
2.4% missing data
   0   (0.524) 0.524 0.595 0.499 0.575 0.227 
   1   (0.476) 0.476 0.405 0.501 0.425 0.773 

Locus 101 : 
2 alleles
7.3% missing data
   1   (0.574) 0.576 0.688 0.466 0.571 0.546 
   0   (0.426) 0.424 0.312 0.534 0.429 0.454 

Locus 102 : 
2 alleles
17.1% missing data
   1   (0.629) 0.630 0.587 0.570 0.639 0.784 
   0   (0.371) 0.370 0.413 0.430 0.361 0.216 

Locus 103 : 
2 alleles
0.0% missing data
   0   (0.952) 0.952 0.872 0.986 0.962 0.996 
   1   (0.048) 0.048 0.128 0.014 0.038 0.004 

Locus 104 : 
2 alleles
17.1% missing data
   1   (0.772) 0.773 0.779 0.703 0.801 0.863 
   0   (0.228) 0.227 0.221 0.297 0.199 0.137 

Locus 105 : 
2 alleles
41.5% missing data
   1   (0.234) 0.231 0.367 0.216 0.200 0.267 
   0   (0.766) 0.769 0.633 0.784 0.800 0.733 

Locus 106 : 
2 alleles
0.0% missing data
   0   (0.846) 0.846 0.653 0.857 0.864 0.988 
   1   (0.154) 0.154 0.347 0.143 0.136 0.012 

Locus 107 : 
2 alleles
14.6% missing data
   0   (0.696) 0.695 0.847 0.664 0.688 0.723 
   1   (0.304) 0.305 0.153 0.336 0.312 0.277 

Locus 108 : 
2 alleles
1.2% missing data
   0   (0.837) 0.839 0.916 0.729 0.864 0.833 
   1   (0.163) 0.161 0.084 0.271 0.136 0.167 

Locus 109 : 
2 alleles
8.5% missing data
   0   (0.897) 0.898 0.773 0.964 0.905 0.956 
   1   (0.103) 0.102 0.227 0.036 0.095 0.044 

Locus 110 : 
2 alleles
2.4% missing data
   1   (0.630) 0.629 0.723 0.591 0.613 0.773 
   0   (0.370) 0.371 0.277 0.409 0.387 0.227 

Locus 111 : 
2 alleles
19.5% missing data
   0   (0.742) 0.743 0.780 0.697 0.741 0.846 
   1   (0.258) 0.257 0.220 0.303 0.259 0.154 

Locus 112 : 
2 alleles
51.2% missing data
   0   (0.882) 0.880 0.847 0.918 0.887 0.981 
   1   (0.118) 0.120 0.153 0.082 0.113 0.019 

Locus 113 : 
2 alleles
6.1% missing data
   1   (0.725) 0.725 0.775 0.723 0.742 0.725 
   0   (0.275) 0.275 0.225 0.277 0.258 0.275 

Locus 114 : 
2 alleles
1.2% missing data
   0   (0.847) 0.849 0.834 0.855 0.844 0.927 
   1   (0.153) 0.151 0.166 0.145 0.156 0.073 

Locus 115 : 
2 alleles
9.8% missing data
   0   (0.706) 0.706 0.660 0.783 0.691 0.770 
   1   (0.294) 0.294 0.340 0.217 0.309 0.230 

Locus 116 : 
2 alleles
7.3% missing data
   0   (0.850) 0.851 0.849 0.919 0.857 0.813 
   1   (0.150) 0.149 0.151 0.081 0.143 0.187 

Locus 117 : 
2 alleles
7.3% missing data
   0   (0.809) 0.807 0.807 0.869 0.799 0.923 
   1   (0.191) 0.193 0.193 0.131 0.201 0.077 

Locus 118 : 
2 alleles
2.4% missing data
   0   (0.914) 0.916 0.937 0.965 0.931 0.527 
   1   (0.086) 0.084 0.063 0.035 0.069 0.473 

Locus 119 : 
2 alleles
6.1% missing data
   0   (0.834) 0.837 0.893 0.790 0.856 0.754 
   1   (0.166) 0.163 0.107 0.210 0.144 0.246 

Locus 120 : 
2 alleles
9.8% missing data
   0   (0.838) 0.838 0.887 0.782 0.837 0.964 
   1   (0.162) 0.162 0.113 0.218 0.163 0.036 

Locus 121 : 
2 alleles
11.0% missing data
   0   (0.923) 0.923 0.929 0.971 0.939 0.924 
   1   (0.077) 0.077 0.071 0.029 0.061 0.076 

Locus 122 : 
2 alleles
2.4% missing data
   0   (0.815) 0.816 0.845 0.809 0.806 0.897 
   1   (0.185) 0.184 0.155 0.191 0.194 0.103 

Locus 123 : 
2 alleles
6.1% missing data
   1   (0.897) 0.897 0.892 0.942 0.918 0.922 
   0   (0.103) 0.103 0.108 0.058 0.082 0.078 

Locus 124 : 
2 alleles
34.1% missing data
   0   (0.524) 0.523 0.650 0.479 0.504 0.543 
   1   (0.476) 0.477 0.350 0.521 0.496 0.457 

Locus 125 : 
2 alleles
0.0% missing data
   0   (0.921) 0.921 0.920 0.963 0.915 0.986 
   1   (0.079) 0.079 0.080 0.037 0.085 0.014 

Locus 126 : 
2 alleles
3.7% missing data
   0   (0.887) 0.887 0.965 0.860 0.885 0.942 
   1   (0.113) 0.113 0.035 0.140 0.115 0.058 

Locus 127 : 
2 alleles
11.0% missing data
   0   (0.577) 0.576 0.472 0.664 0.563 0.631 
   1   (0.423) 0.424 0.528 0.336 0.437 0.369 

Locus 128 : 
2 alleles
56.1% missing data
   0   (0.620) 0.619 0.717 0.588 0.617 0.626 
   1   (0.380) 0.381 0.283 0.412 0.383 0.374 

Locus 129 : 
2 alleles
12.2% missing data
   1   (0.333) 0.333 0.363 0.313 0.336 0.181 
   0   (0.667) 0.667 0.637 0.687 0.664 0.819 

Locus 130 : 
2 alleles
12.2% missing data
   0   (0.817) 0.816 0.868 0.796 0.826 0.906 
   1   (0.183) 0.184 0.132 0.204 0.174 0.094 

Locus 131 : 
2 alleles
18.3% missing data
   0   (0.941) 0.941 0.961 0.960 0.923 0.994 
   1   (0.059) 0.059 0.039 0.040 0.077 0.006 

Locus 132 : 
2 alleles
0.0% missing data
   0   (0.792) 0.792 0.887 0.700 0.806 0.856 
   1   (0.208) 0.208 0.113 0.300 0.194 0.144 

Locus 133 : 
2 alleles
12.2% missing data
   0   (0.660) 0.660 0.685 0.661 0.670 0.625 
   1   (0.340) 0.340 0.315 0.339 0.330 0.375 

Locus 134 : 
2 alleles
28.0% missing data
   0   (0.800) 0.802 0.887 0.777 0.807 0.705 
   1   (0.200) 0.198 0.113 0.223 0.193 0.295 

Locus 135 : 
2 alleles
1.2% missing data
   0   (0.819) 0.821 0.874 0.768 0.833 0.805 
   1   (0.181) 0.179 0.126 0.232 0.167 0.195 

Locus 136 : 
2 alleles
1.2% missing data
   0   (0.864) 0.864 0.844 0.915 0.886 0.883 
   1   (0.136) 0.136 0.156 0.085 0.114 0.117 

Locus 137 : 
2 alleles
0.0% missing data
   0   (0.378) 0.376 0.297 0.416 0.372 0.543 
   1   (0.622) 0.624 0.703 0.584 0.628 0.457 

Locus 138 : 
2 alleles
34.1% missing data
   0   (0.835) 0.836 0.918 0.767 0.847 0.815 
   1   (0.165) 0.164 0.082 0.233 0.153 0.185 

Locus 139 : 
2 alleles
1.2% missing data
   0   (0.962) 0.963 0.877 0.989 0.972 0.997 
   1   (0.038) 0.037 0.123 0.011 0.028 0.003 

Locus 140 : 
2 alleles
9.8% missing data
   0   (0.876) 0.877 0.884 0.891 0.880 0.938 
   1   (0.124) 0.123 0.116 0.109 0.120 0.062 

Locus 141 : 
2 alleles
11.0% missing data
   0   (0.817) 0.818 0.775 0.861 0.847 0.730 
   1   (0.183) 0.182 0.225 0.139 0.153 0.270 

Locus 142 : 
2 alleles
6.1% missing data
   0   (0.267) 0.267 0.354 0.135 0.264 0.471 
   1   (0.733) 0.733 0.646 0.865 0.736 0.529 

Locus 143 : 
2 alleles
13.4% missing data
   0   (0.838) 0.838 0.823 0.856 0.859 0.938 
   1   (0.162) 0.162 0.177 0.144 0.141 0.062 

Locus 144 : 
2 alleles
1.2% missing data
   0   (0.794) 0.794 0.945 0.698 0.735 0.922 
   1   (0.206) 0.206 0.055 0.302 0.265 0.078 

Locus 145 : 
2 alleles
0.0% missing data
   0   (0.894) 0.894 0.805 0.906 0.896 0.992 
   1   (0.106) 0.106 0.195 0.094 0.104 0.008 

Locus 146 : 
2 alleles
2.4% missing data
   1   (0.651) 0.653 0.642 0.619 0.665 0.552 
   0   (0.349) 0.347 0.358 0.381 0.335 0.448 

Locus 147 : 
2 alleles
0.0% missing data
   0   (0.782) 0.784 0.611 0.837 0.808 0.819 
   1   (0.218) 0.216 0.389 0.163 0.192 0.181 

Locus 148 : 
2 alleles
4.9% missing data
   1   (0.142) 0.142 0.302 0.081 0.117 0.043 
   0   (0.858) 0.858 0.698 0.919 0.883 0.957 

Locus 149 : 
2 alleles
2.4% missing data
   0   (0.414) 0.414 0.399 0.505 0.396 0.186 
   1   (0.586) 0.586 0.601 0.495 0.604 0.814 

Locus 150 : 
2 alleles
28.0% missing data
   0   (0.847) 0.849 0.925 0.827 0.852 0.656 
   1   (0.153) 0.151 0.075 0.173 0.148 0.344 

Locus 151 : 
2 alleles
32.9% missing data
   0   (0.428) 0.428 0.295 0.520 0.442 0.387 
   1   (0.572) 0.572 0.705 0.480 0.558 0.613 

Locus 152 : 
2 alleles
12.2% missing data
   0   (0.835) 0.835 0.863 0.814 0.842 0.964 
   1   (0.165) 0.165 0.137 0.186 0.158 0.036 

Locus 153 : 
2 alleles
6.1% missing data
   0   (0.911) 0.910 0.955 0.893 0.902 0.993 
   1   (0.089) 0.090 0.045 0.107 0.098 0.007 

Locus 154 : 
2 alleles
0.0% missing data
   0   (0.935) 0.935 0.901 0.972 0.930 0.995 
   1   (0.065) 0.065 0.099 0.028 0.070 0.005 

Locus 155 : 
2 alleles
1.2% missing data
   0   (0.745) 0.746 0.724 0.774 0.717 0.896 
   1   (0.255) 0.254 0.276 0.226 0.283 0.104 

Locus 156 : 
2 alleles
15.9% missing data
   0   (0.943) 0.944 0.949 0.981 0.955 0.945 
   1   (0.057) 0.056 0.051 0.019 0.045 0.055 

Locus 157 : 
2 alleles
36.6% missing data
   1   (0.861) 0.862 0.963 0.779 0.871 0.791 
   0   (0.139) 0.138 0.037 0.221 0.129 0.209 

Locus 158 : 
2 alleles
13.4% missing data
   0   (0.782) 0.782 0.851 0.844 0.801 0.584 
   1   (0.218) 0.218 0.149 0.156 0.199 0.416 

Locus 159 : 
2 alleles
7.3% missing data
   0   (0.891) 0.890 0.916 0.952 0.890 0.860 
   1   (0.109) 0.110 0.084 0.048 0.110 0.140 

Locus 160 : 
2 alleles
3.7% missing data
   0   (0.855) 0.857 0.960 0.833 0.831 0.778 
   1   (0.145) 0.143 0.040 0.167 0.169 0.222 

Locus 161 : 
2 alleles
4.9% missing data
   0   (0.818) 0.817 0.871 0.867 0.827 0.868 
   1   (0.182) 0.183 0.129 0.133 0.173 0.132 

Locus 162 : 
2 alleles
1.2% missing data
   0   (0.056) 0.055 0.061 0.042 0.056 0.005 
   1   (0.944) 0.945 0.939 0.958 0.944 0.995 

Locus 163 : 
2 alleles
30.5% missing data
   0   (0.233) 0.233 0.217 0.184 0.243 0.211 
   1   (0.767) 0.767 0.783 0.816 0.757 0.789 

Locus 164 : 
2 alleles
13.4% missing data
   0   (0.959) 0.960 0.927 0.984 0.968 0.996 
   1   (0.041) 0.040 0.073 0.016 0.032 0.004 

Locus 165 : 
2 alleles
14.6% missing data
   0   (0.869) 0.869 0.872 0.924 0.867 0.903 
   1   (0.131) 0.131 0.128 0.076 0.133 0.097 

Locus 166 : 
2 alleles
28.0% missing data
   1   (0.673) 0.674 0.795 0.639 0.668 0.582 
   0   (0.327) 0.326 0.205 0.361 0.332 0.418 

Locus 167 : 
2 alleles
28.0% missing data
   0   (0.906) 0.906 0.929 0.933 0.922 0.950 
   1   (0.094) 0.094 0.071 0.067 0.078 0.050 

Locus 168 : 
2 alleles
2.4% missing data
   0   (0.840) 0.840 0.870 0.891 0.812 0.935 
   1   (0.160) 0.160 0.130 0.109 0.188 0.065 

Locus 169 : 
2 alleles
0.0% missing data
   1   (0.594) 0.595 0.730 0.517 0.543 0.597 
   0   (0.406) 0.405 0.270 0.483 0.457 0.403 

Locus 170 : 
2 alleles
29.3% missing data
   0   (0.783) 0.783 0.895 0.695 0.749 0.941 
   1   (0.217) 0.217 0.105 0.305 0.251 0.059 

Locus 171 : 
2 alleles
6.1% missing data
   0   (0.918) 0.919 0.936 0.942 0.931 0.968 
   1   (0.082) 0.081 0.064 0.058 0.069 0.032 

Locus 172 : 
2 alleles
14.6% missing data
   0   (0.913) 0.914 0.915 0.967 0.933 0.622 
   1   (0.087) 0.086 0.085 0.033 0.067 0.378 

Locus 173 : 
2 alleles
11.0% missing data
   0   (0.814) 0.814 0.840 0.754 0.836 0.917 
   1   (0.186) 0.186 0.160 0.246 0.164 0.083 

Locus 174 : 
2 alleles
2.4% missing data
   0   (0.823) 0.822 0.875 0.830 0.833 0.913 
   1   (0.177) 0.178 0.125 0.170 0.167 0.087 

Locus 175 : 
2 alleles
3.7% missing data
   0   (0.880) 0.880 0.873 0.943 0.882 0.931 
   1   (0.120) 0.120 0.127 0.057 0.118 0.069 

Locus 176 : 
2 alleles
6.1% missing data
   0   (0.766) 0.766 0.792 0.849 0.746 0.758 
   1   (0.234) 0.234 0.208 0.151 0.254 0.242 

Locus 177 : 
2 alleles
19.5% missing data
   0   (0.649) 0.650 0.727 0.709 0.676 0.245 
   1   (0.351) 0.350 0.273 0.291 0.324 0.755 

Locus 178 : 
2 alleles
6.1% missing data
   1   (0.861) 0.862 0.941 0.794 0.861 0.936 
   0   (0.139) 0.138 0.059 0.206 0.139 0.064 

Locus 179 : 
2 alleles
1.2% missing data
   0   (0.778) 0.780 0.830 0.709 0.763 0.910 
   1   (0.222) 0.220 0.170 0.291 0.237 0.090 

Locus 180 : 
2 alleles
2.4% missing data
   1   (0.910) 0.907 0.963 0.946 0.904 0.983 
   0   (0.090) 0.093 0.037 0.054 0.096 0.017 

Locus 181 : 
2 alleles
1.2% missing data
   0   (0.491) 0.490 0.532 0.509 0.467 0.515 
   1   (0.509) 0.510 0.468 0.491 0.533 0.485 

Locus 182 : 
2 alleles
14.6% missing data
   0   (0.641) 0.642 0.800 0.549 0.655 0.528 
   1   (0.359) 0.358 0.200 0.451 0.345 0.472 

Locus 183 : 
2 alleles
18.3% missing data
   0   (0.594) 0.595 0.439 0.838 0.634 0.072 
   1   (0.406) 0.405 0.561 0.162 0.366 0.928 

Locus 184 : 
2 alleles
42.7% missing data
   1   (0.111) 0.111 0.167 0.107 0.101 0.014 
   0   (0.889) 0.889 0.833 0.893 0.899 0.986 

Locus 185 : 
2 alleles
3.7% missing data
   0   (0.930) 0.931 0.980 0.945 0.922 0.941 
   1   (0.070) 0.069 0.020 0.055 0.078 0.059 

Locus 186 : 
2 alleles
1.2% missing data
   0   (0.942) 0.943 0.946 0.950 0.953 0.995 
   1   (0.058) 0.057 0.054 0.050 0.047 0.005 

Locus 187 : 
2 alleles
4.9% missing data
   0   (0.928) 0.929 0.919 0.926 0.941 0.994 
   1   (0.072) 0.071 0.081 0.074 0.059 0.006 

Locus 188 : 
2 alleles
3.7% missing data
   1   (0.876) 0.877 0.967 0.839 0.858 0.927 
   0   (0.124) 0.123 0.033 0.161 0.142 0.073 

Locus 189 : 
2 alleles
35.4% missing data
   1   (0.675) 0.674 0.597 0.727 0.673 0.782 
   0   (0.325) 0.326 0.403 0.273 0.327 0.218 

Locus 190 : 
2 alleles
54.9% missing data
   1   (0.202) 0.202 0.194 0.165 0.209 0.146 
   0   (0.798) 0.798 0.806 0.835 0.791 0.854 

Locus 191 : 
2 alleles
1.2% missing data
   0   (0.920) 0.920 0.897 0.975 0.938 0.928 
   1   (0.080) 0.080 0.103 0.025 0.062 0.072 

Locus 192 : 
2 alleles
6.1% missing data
   0   (0.845) 0.844 0.854 0.889 0.866 0.899 
   1   (0.155) 0.156 0.146 0.111 0.134 0.101 

Locus 193 : 
2 alleles
3.7% missing data
   0   (0.941) 0.942 0.985 0.951 0.953 0.883 
   1   (0.059) 0.058 0.015 0.049 0.047 0.117 

Locus 194 : 
2 alleles
1.2% missing data
   1   (0.842) 0.844 0.847 0.898 0.828 0.862 
   0   (0.158) 0.156 0.153 0.102 0.172 0.138 

Locus 195 : 
2 alleles
1.2% missing data
   0   (0.949) 0.950 0.987 0.980 0.949 0.945 
   1   (0.051) 0.050 0.013 0.020 0.051 0.055 

Locus 196 : 
2 alleles
1.2% missing data
   0   (0.903) 0.904 0.913 0.962 0.899 0.890 
   1   (0.097) 0.096 0.087 0.038 0.101 0.110 

Locus 197 : 
2 alleles
28.0% missing data
   0   (0.742) 0.742 0.874 0.705 0.740 0.669 
   1   (0.258) 0.258 0.126 0.295 0.260 0.331 

Locus 198 : 
2 alleles
1.2% missing data
   0   (0.877) 0.879 0.940 0.915 0.861 0.838 
   1   (0.123) 0.121 0.060 0.085 0.139 0.162 

Locus 199 : 
2 alleles
8.5% missing data
   0   (0.893) 0.893 0.956 0.904 0.910 0.876 
   1   (0.107) 0.107 0.044 0.096 0.090 0.124 

Locus 200 : 
2 alleles
0.0% missing data
   0   (0.853) 0.854 0.807 0.898 0.853 0.952 
   1   (0.147) 0.146 0.193 0.102 0.147 0.048 

Locus 201 : 
2 alleles
2.4% missing data
   0   (0.784) 0.785 0.735 0.863 0.817 0.681 
   1   (0.216) 0.215 0.265 0.137 0.183 0.319 

Locus 202 : 
2 alleles
2.4% missing data
   0   (0.959) 0.960 0.855 0.988 0.969 0.997 
   1   (0.041) 0.040 0.145 0.012 0.031 0.003 

Locus 203 : 
2 alleles
13.4% missing data
   0   (0.909) 0.910 0.930 0.954 0.908 0.903 
   1   (0.091) 0.090 0.070 0.046 0.092 0.097 

Locus 204 : 
2 alleles
12.2% missing data
   0   (0.925) 0.926 0.960 0.863 0.930 0.993 
   1   (0.075) 0.074 0.040 0.137 0.070 0.007 

Locus 205 : 
2 alleles
19.5% missing data
   0   (0.891) 0.891 0.968 0.882 0.907 0.818 
   1   (0.109) 0.109 0.032 0.118 0.093 0.182 

Locus 206 : 
2 alleles
30.5% missing data
   0   (0.942) 0.943 0.965 0.973 0.953 0.938 
   1   (0.058) 0.057 0.035 0.027 0.047 0.062 

Locus 207 : 
2 alleles
1.2% missing data
   0   (0.961) 0.962 0.990 0.988 0.970 0.815 
   1   (0.039) 0.038 0.010 0.012 0.030 0.185 

Locus 208 : 
2 alleles
0.0% missing data
   0   (0.896) 0.895 0.851 0.942 0.889 0.992 
   1   (0.104) 0.105 0.149 0.058 0.111 0.008 

Locus 209 : 
2 alleles
13.4% missing data
   1   (0.606) 0.609 0.539 0.583 0.592 0.736 
   0   (0.394) 0.391 0.461 0.417 0.408 0.264 

Locus 210 : 
2 alleles
17.1% missing data
   0   (0.934) 0.935 0.983 0.936 0.945 0.915 
   1   (0.066) 0.065 0.017 0.064 0.055 0.085 

Locus 211 : 
2 alleles
18.3% missing data
   0   (0.860) 0.859 0.954 0.885 0.834 0.806 
   1   (0.140) 0.141 0.046 0.115 0.166 0.194 

Locus 212 : 
2 alleles
4.9% missing data
   0   (0.861) 0.861 0.922 0.853 0.873 0.925 
   1   (0.139) 0.139 0.078 0.147 0.127 0.075 

Locus 213 : 
2 alleles
0.0% missing data
   0   (0.929) 0.930 0.918 0.945 0.927 0.994 
   1   (0.071) 0.070 0.082 0.055 0.073 0.006 

Locus 214 : 
2 alleles
4.9% missing data
   0   (0.965) 0.965 0.990 0.989 0.973 0.888 
   1   (0.035) 0.035 0.010 0.011 0.027 0.112 

Locus 215 : 
2 alleles
3.7% missing data
   1   (0.811) 0.812 0.714 0.884 0.837 0.781 
   0   (0.189) 0.188 0.286 0.116 0.163 0.219 

Locus 216 : 
2 alleles
28.0% missing data
   0   (0.831) 0.830 0.744 0.839 0.829 0.982 
   1   (0.169) 0.170 0.256 0.161 0.171 0.018 

Locus 217 : 
2 alleles
37.8% missing data
   0   (0.957) 0.957 0.968 0.975 0.961 0.995 
   1   (0.043) 0.043 0.032 0.025 0.039 0.005 

Locus 218 : 
2 alleles
43.9% missing data
   0   (0.925) 0.926 0.918 0.954 0.937 0.967 
   1   (0.075) 0.074 0.082 0.046 0.063 0.033 

Locus 219 : 
2 alleles
29.3% missing data
   0   (0.497) 0.496 0.441 0.562 0.518 0.354 
   1   (0.503) 0.504 0.559 0.438 0.482 0.646 

Locus 220 : 
2 alleles
35.4% missing data
   0   (0.559) 0.559 0.686 0.450 0.535 0.692 
   1   (0.441) 0.441 0.314 0.550 0.465 0.308 

Locus 221 : 
2 alleles
17.1% missing data
   1   (0.550) 0.550 0.590 0.540 0.594 0.395 
   0   (0.450) 0.450 0.410 0.460 0.406 0.605 

Locus 222 : 
2 alleles
32.9% missing data
   0   (0.839) 0.840 0.889 0.888 0.855 0.597 
   1   (0.161) 0.160 0.111 0.112 0.145 0.403 

Locus 223 : 
2 alleles
3.7% missing data
   0   (0.900) 0.901 0.948 0.893 0.917 0.955 
   1   (0.100) 0.099 0.052 0.107 0.083 0.045 

Locus 224 : 
2 alleles
6.1% missing data
   1   (0.882) 0.882 0.965 0.862 0.885 0.877 
   0   (0.118) 0.118 0.035 0.138 0.115 0.123 

Locus 225 : 
2 alleles
0.0% missing data
   0   (0.900) 0.902 0.856 0.895 0.921 0.982 
   1   (0.100) 0.098 0.144 0.105 0.079 0.018 

Locus 226 : 
2 alleles
12.2% missing data
   0   (0.895) 0.896 0.878 0.856 0.909 0.981 
   1   (0.105) 0.104 0.122 0.144 0.091 0.019 

Locus 227 : 
2 alleles
39.0% missing data
   1   (0.529) 0.529 0.537 0.557 0.527 0.438 
   0   (0.471) 0.471 0.463 0.443 0.473 0.562 

Locus 228 : 
2 alleles
4.9% missing data
   0   (0.947) 0.948 0.986 0.977 0.956 0.626 
   1   (0.053) 0.052 0.014 0.023 0.044 0.374 

Locus 229 : 
2 alleles
7.3% missing data
   0   (0.946) 0.945 0.924 0.981 0.954 0.995 
   1   (0.054) 0.055 0.076 0.019 0.046 0.005 

Locus 230 : 
2 alleles
63.4% missing data
   0   (0.847) 0.848 0.884 0.834 0.857 0.868 
   1   (0.153) 0.152 0.116 0.166 0.143 0.132 

Locus 231 : 
2 alleles
12.2% missing data
   0   (0.520) 0.520 0.621 0.501 0.491 0.458 
   1   (0.480) 0.480 0.379 0.499 0.509 0.542 

Locus 232 : 
2 alleles
4.9% missing data
   1   (0.601) 0.599 0.640 0.579 0.639 0.637 
   0   (0.399) 0.401 0.360 0.421 0.361 0.363 

Locus 233 : 
2 alleles
61.0% missing data
   0   (0.819) 0.819 0.891 0.802 0.827 0.830 
   1   (0.181) 0.181 0.109 0.198 0.173 0.170 

Locus 234 : 
2 alleles
14.6% missing data
   0   (0.538) 0.539 0.579 0.527 0.504 0.535 
   1   (0.462) 0.461 0.421 0.473 0.496 0.465 

Locus 235 : 
2 alleles
6.1% missing data
   0   (0.923) 0.924 0.940 0.962 0.937 0.857 
   1   (0.077) 0.076 0.060 0.038 0.063 0.143 

Locus 236 : 
2 alleles
11.0% missing data
   1   (0.727) 0.728 0.877 0.595 0.746 0.720 
   0   (0.273) 0.272 0.123 0.405 0.254 0.280 

Locus 237 : 
2 alleles
35.4% missing data
   0   (0.949) 0.950 0.987 0.976 0.959 0.826 
   1   (0.051) 0.050 0.013 0.024 0.041 0.174 

Locus 238 : 
2 alleles
12.2% missing data
   0   (0.210) 0.208 0.348 0.170 0.182 0.135 
   1   (0.790) 0.792 0.652 0.830 0.818 0.865 

Locus 239 : 
2 alleles
23.2% missing data
   0   (0.878) 0.879 0.947 0.904 0.841 0.907 
   1   (0.122) 0.121 0.053 0.096 0.159 0.093 

Locus 240 : 
2 alleles
31.7% missing data
   0   (0.782) 0.781 0.906 0.744 0.789 0.652 
   1   (0.218) 0.219 0.094 0.256 0.211 0.348 

Locus 241 : 
2 alleles
18.3% missing data
   0   (0.888) 0.889 0.854 0.886 0.901 0.975 
   1   (0.112) 0.111 0.146 0.114 0.099 0.025 

Locus 242 : 
2 alleles
1.2% missing data
   0   (0.805) 0.803 0.815 0.816 0.837 0.909 
   1   (0.195) 0.197 0.185 0.184 0.163 0.091 

Locus 243 : 
2 alleles
17.1% missing data
   0   (0.475) 0.474 0.506 0.416 0.449 0.669 
   1   (0.525) 0.526 0.494 0.584 0.551 0.331 

Locus 244 : 
2 alleles
28.0% missing data
   0   (0.910) 0.911 0.956 0.891 0.922 0.974 
   1   (0.090) 0.089 0.044 0.109 0.078 0.026 

Locus 245 : 
2 alleles
9.8% missing data
   0   (0.905) 0.906 0.907 0.840 0.912 0.992 
   1   (0.095) 0.094 0.093 0.160 0.088 0.008 

Locus 246 : 
2 alleles
58.5% missing data
   0   (0.913) 0.913 0.939 0.926 0.913 0.976 
   1   (0.087) 0.087 0.061 0.074 0.087 0.024 

Locus 247 : 
2 alleles
41.5% missing data
   0   (0.772) 0.772 0.835 0.756 0.756 0.849 
   1   (0.228) 0.228 0.165 0.244 0.244 0.151 

Locus 248 : 
2 alleles
2.4% missing data
   0   (0.942) 0.942 0.985 0.937 0.947 0.983 
   1   (0.058) 0.058 0.015 0.063 0.053 0.017 

Locus 249 : 
2 alleles
20.7% missing data
   0   (0.916) 0.917 0.978 0.929 0.921 0.847 
   1   (0.084) 0.083 0.022 0.071 0.079 0.153 

Locus 250 : 
2 alleles
7.3% missing data
   0   (0.781) 0.782 0.679 0.790 0.803 0.899 
   1   (0.219) 0.218 0.321 0.210 0.197 0.101 

Locus 251 : 
2 alleles
47.6% missing data
   1   (0.259) 0.258 0.470 0.250 0.255 0.047 
   0   (0.741) 0.742 0.530 0.750 0.745 0.953 

Locus 252 : 
2 alleles
50.0% missing data
   0   (0.749) 0.749 0.838 0.716 0.760 0.751 
   1   (0.251) 0.251 0.162 0.284 0.240 0.249 

Locus 253 : 
2 alleles
26.8% missing data
   1   (0.125) 0.125 0.199 0.060 0.130 0.058 
   0   (0.875) 0.875 0.801 0.940 0.870 0.942 

Locus 254 : 
2 alleles
2.4% missing data
   0   (0.780) 0.783 0.756 0.801 0.820 0.571 
   1   (0.220) 0.217 0.244 0.199 0.180 0.429 

Locus 255 : 
2 alleles
4.9% missing data
   1   (0.602) 0.601 0.615 0.534 0.615 0.771 
   0   (0.398) 0.399 0.385 0.466 0.385 0.229 

Locus 256 : 
2 alleles
0.0% missing data
   1   (0.882) 0.882 0.897 0.913 0.882 0.956 
   0   (0.118) 0.118 0.103 0.087 0.118 0.044 

Locus 257 : 
2 alleles
24.4% missing data
   0   (0.951) 0.951 0.971 0.976 0.958 0.981 
   1   (0.049) 0.049 0.029 0.024 0.042 0.019 

Locus 258 : 
2 alleles
15.9% missing data
   0   (0.891) 0.890 0.898 0.870 0.905 0.990 
   1   (0.109) 0.110 0.102 0.130 0.095 0.010 

Locus 259 : 
2 alleles
0.0% missing data
   0   (0.937) 0.938 0.963 0.974 0.949 0.903 
   1   (0.063) 0.062 0.037 0.026 0.051 0.097 

Locus 260 : 
2 alleles
39.0% missing data
   0   (0.755) 0.755 0.681 0.793 0.782 0.834 
   1   (0.245) 0.245 0.319 0.207 0.218 0.166 

Locus 261 : 
2 alleles
53.7% missing data
   0   (0.927) 0.927 0.874 0.943 0.935 0.987 
   1   (0.073) 0.073 0.126 0.057 0.065 0.013 

Locus 262 : 
2 alleles
37.8% missing data
   0   (0.898) 0.899 0.889 0.934 0.913 0.859 
   1   (0.102) 0.101 0.111 0.066 0.087 0.141 

Locus 263 : 
2 alleles
8.5% missing data
   0   (0.702) 0.705 0.527 0.765 0.734 0.679 
   1   (0.298) 0.295 0.473 0.235 0.266 0.321 

Locus 264 : 
2 alleles
45.1% missing data
   0   (0.300) 0.301 0.270 0.302 0.292 0.189 
   1   (0.700) 0.699 0.730 0.698 0.708 0.811 

Locus 265 : 
2 alleles
8.5% missing data
   0   (0.877) 0.877 0.915 0.843 0.898 0.968 
   1   (0.123) 0.123 0.085 0.157 0.102 0.032 

Locus 266 : 
2 alleles
15.9% missing data
   0   (0.889) 0.889 0.786 0.940 0.871 0.989 
   1   (0.111) 0.111 0.214 0.060 0.129 0.011 

Locus 267 : 
2 alleles
0.0% missing data
   0   (0.368) 0.369 0.419 0.327 0.357 0.297 
   1   (0.632) 0.631 0.581 0.673 0.643 0.703 

Locus 268 : 
2 alleles
3.7% missing data
   0   (0.580) 0.580 0.641 0.522 0.591 0.621 
   1   (0.420) 0.420 0.359 0.478 0.409 0.379 

Locus 269 : 
2 alleles
31.7% missing data
   0   (0.436) 0.436 0.455 0.406 0.414 0.588 
   1   (0.564) 0.564 0.545 0.594 0.586 0.412 

Locus 270 : 
2 alleles
1.2% missing data
   0   (0.628) 0.629 0.729 0.664 0.576 0.611 
   1   (0.372) 0.371 0.271 0.336 0.424 0.389 

Locus 271 : 
2 alleles
3.7% missing data
   0   (0.885) 0.886 0.965 0.905 0.901 0.641 
   1   (0.115) 0.114 0.035 0.095 0.099 0.359 

Locus 272 : 
2 alleles
14.6% missing data
   0   (0.914) 0.914 0.951 0.953 0.899 0.958 
   1   (0.086) 0.086 0.049 0.047 0.101 0.042 

Locus 273 : 
2 alleles
61.0% missing data
   0   (0.928) 0.929 0.981 0.940 0.934 0.756 
   1   (0.072) 0.071 0.019 0.060 0.066 0.244 

Locus 274 : 
2 alleles
6.1% missing data
   0   (0.937) 0.938 0.966 0.962 0.949 0.940 
   1   (0.063) 0.062 0.034 0.038 0.051 0.060 

Locus 275 : 
2 alleles
58.5% missing data
   0   (0.852) 0.853 0.920 0.882 0.862 0.667 
   1   (0.148) 0.147 0.080 0.118 0.138 0.333 

Locus 276 : 
2 alleles
2.4% missing data
   0   (0.839) 0.840 0.827 0.820 0.855 0.951 
   1   (0.161) 0.160 0.173 0.180 0.145 0.049 

Locus 277 : 
2 alleles
4.9% missing data
   0   (0.915) 0.915 0.893 0.968 0.934 0.924 
   1   (0.085) 0.085 0.107 0.032 0.066 0.076 

Locus 278 : 
2 alleles
32.9% missing data
   1   (0.757) 0.758 0.779 0.727 0.783 0.829 
   0   (0.243) 0.242 0.221 0.273 0.217 0.171 

Locus 279 : 
2 alleles
15.9% missing data
   0   (0.902) 0.901 0.966 0.960 0.915 0.605 
   1   (0.098) 0.099 0.034 0.040 0.085 0.395 

Locus 280 : 
2 alleles
2.4% missing data
   0   (0.904) 0.904 0.855 0.912 0.908 0.992 
   1   (0.096) 0.096 0.145 0.088 0.092 0.008 

Locus 281 : 
2 alleles
0.0% missing data
   0   (0.790) 0.788 0.759 0.796 0.771 0.973 
   1   (0.210) 0.212 0.241 0.204 0.229 0.027 

Locus 282 : 
2 alleles
9.8% missing data
   0   (0.780) 0.782 0.886 0.795 0.754 0.625 
   1   (0.220) 0.218 0.114 0.205 0.246 0.375 

Locus 283 : 
2 alleles
1.2% missing data
   0   (0.863) 0.863 0.910 0.851 0.885 0.927 
   1   (0.137) 0.137 0.090 0.149 0.115 0.073 

Locus 284 : 
2 alleles
1.2% missing data
   0   (0.852) 0.851 0.895 0.916 0.871 0.780 
   1   (0.148) 0.149 0.105 0.084 0.129 0.220 

Locus 285 : 
2 alleles
1.2% missing data
   0   (0.718) 0.720 0.779 0.591 0.707 0.881 
   1   (0.282) 0.280 0.221 0.409 0.293 0.119 

Locus 286 : 
2 alleles
11.0% missing data
   0   (0.926) 0.928 0.934 0.966 0.932 0.935 
   1   (0.074) 0.072 0.066 0.034 0.068 0.065 

Locus 287 : 
2 alleles
3.7% missing data
   0   (0.881) 0.881 0.925 0.907 0.885 0.940 
   1   (0.119) 0.119 0.075 0.093 0.115 0.060 

Locus 288 : 
2 alleles
6.1% missing data
   0   (0.109) 0.109 0.187 0.044 0.115 0.019 
   1   (0.891) 0.891 0.813 0.956 0.885 0.981 

Locus 289 : 
2 alleles
8.5% missing data
   0   (0.765) 0.765 0.764 0.799 0.772 0.812 
   1   (0.235) 0.235 0.236 0.201 0.228 0.188 

Locus 290 : 
2 alleles
12.2% missing data
   0   (0.371) 0.370 0.483 0.292 0.397 0.296 
   1   (0.629) 0.630 0.517 0.708 0.603 0.704 

Locus 291 : 
2 alleles
35.4% missing data
   0   (0.773) 0.774 0.871 0.811 0.731 0.693 
   1   (0.227) 0.226 0.129 0.189 0.269 0.307 

Locus 292 : 
2 alleles
12.2% missing data
   0   (0.869) 0.871 0.897 0.886 0.881 0.893 
   1   (0.131) 0.129 0.103 0.114 0.119 0.107 

Locus 293 : 
2 alleles
20.7% missing data
   0   (0.842) 0.845 0.918 0.776 0.842 0.873 
   1   (0.158) 0.155 0.082 0.224 0.158 0.127 

Locus 294 : 
2 alleles
36.6% missing data
   1   (0.462) 0.464 0.814 0.277 0.450 0.141 
   0   (0.538) 0.536 0.186 0.723 0.550 0.859 

Locus 295 : 
2 alleles
11.0% missing data
   0   (0.822) 0.823 0.774 0.861 0.852 0.728 
   1   (0.178) 0.177 0.226 0.139 0.148 0.272 

Locus 296 : 
2 alleles
9.8% missing data
   0   (0.943) 0.943 0.983 0.980 0.956 0.611 
   1   (0.057) 0.057 0.017 0.020 0.044 0.389 

Locus 297 : 
2 alleles
11.0% missing data
   0   (0.883) 0.883 0.925 0.933 0.880 0.818 
   1   (0.117) 0.117 0.075 0.067 0.120 0.182 

Locus 298 : 
2 alleles
22.0% missing data
   0   (0.768) 0.767 0.805 0.787 0.770 0.873 
   1   (0.232) 0.233 0.195 0.213 0.230 0.127 

Locus 299 : 
2 alleles
3.7% missing data
   0   (0.194) 0.192 0.145 0.306 0.171 0.082 
   1   (0.806) 0.808 0.855 0.694 0.829 0.918 

Locus 300 : 
2 alleles
22.0% missing data
   1   (0.359) 0.361 0.307 0.224 0.358 0.613 
   0   (0.641) 0.639 0.693 0.776 0.642 0.387 

Values of parameters used in structure:
DATAFILE=/Users/Amy 1/Desktop/Population_Genetics/Lab/R/Lab_8/Lab8/project_data,	OUTFILE=/Users/Amy 1/Desktop/Population_Genetics/Lab/R/Lab_8/Lab8/Set_One/Results/Set_One_run_14,	NUMINDS=82,	NUMLOCI=300,	MISSING=-9,	LABEL=1,	POPDATA=1,	POPFLAG=0,	PHENOTYPE=0,	EXTRACOLS=0,	MAXPOPS=5,	BURNIN=5000,	NUMREPS=10000,	USEPOPINFO=0,	INFERALPHA=1,	INFERLAMBDA=0,	POPSPECIFICLAMBDA=0,	POPALPHAS=0,	COMPUTEPROB=1,	NOADMIX=0,	ADMBURNIN=2500,	UPDATEFREQ=1,	PRINTLIKES=0,	INTERMEDSAVE=0,	PRINTKLD=0,	PRINTNET=0,	PRINTLAMBDA=0,	ANCESTDIST=0,	NUMBOXES=1000,	ANCESTPINT=0.90000,	GENSBACK=2,	MIGRPRIOR=0.05000,	PRINTQHAT=0,	PRINTQSUM=0,	ALPHA=1.0000,	FREQSCORR=1,	FPRIORMEAN=0.0100,	FPRIORSD=0.0500,	ONEFST=0,	LAMBDA=1.0000,	UNIFPRIORALPHA=1,	ALPHAMAX=10.0000,	ALPHAPRIORA=1.0000,	ALPHAPRIORB=2.0000,	ALPHAPROPSD=0.0250,	STARTATPOPINFO=0,	RANDOMIZE=1,	LINKAGE=0,	METROFREQ=10,	REPORTHITRATE=0,	MARKOVPHASE=-1,	PHASED=0,	PLOIDY=2,	PHASEINFO=0	LOCPRIOR=0, 	LOCPRIORINIT=1.000000, 	LOCDATA=0, 	LOCISPOP=0, 	LOCPRIORSTEP=0.100000, 	MAXLOCPRIOR=20.000000, 	SEED=1571413153,	
[STRAT parameters]:    NUMSIMSTATS=1000,	PHENOTYPECOL=-9,	POOLFREQ=10,	LOCUSxONLY=0,	EMERROR=0.00100,	MISSINGPHENO=-9,	