

----------------------------------------------------
STRUCTURE by Pritchard, Stephens and Donnelly (2000)
     and Falush, Stephens and Pritchard (2003)
       Code by Pritchard, Falush and Hubisz
             Version 2.3.4 (Jul 2012)
----------------------------------------------------



Command line arguments:   bin/structure -m "/Users/Amy 1/Desktop/Population_Genetics/Lab/R/Lab_8/Lab8/Set_One/mainparams" -e "/Users/Amy 1/Desktop/Population_Genetics/Lab/R/Lab_8/Lab8/Set_One/extraparams" 
Input File:    /Users/Amy 1/Desktop/Population_Genetics/Lab/R/Lab_8/Lab8/project_data

Run parameters:
   82 individuals
   300 loci
   4 populations assumed
   5000 Burn-in period
   10000 Reps


--------------------------------------------
Proportion of membership of each pre-defined
 population in each of the 4 clusters

Given    Inferred Clusters              Number of
 Pop       1      2      3      4      Individuals

  1:     0.016  0.121  0.011  0.851       26
  2:     0.006  0.008  0.978  0.008       36
  3:     0.915  0.059  0.008  0.019       20
--------------------------------------------

Allele-freq. divergence among pops (Net nucleotide distance),
computed using point estimates of P.

      1       2       3       4      
 1      -    0.0068  0.0241  0.0119  
 2   0.0068     -    0.0148  0.0033  
 3   0.0241  0.0148     -    0.0204  
 4   0.0119  0.0033  0.0204     -    

Average distances (expected heterozygosity) between individuals in same cluster:
cluster  1  : 0.2455 
cluster  2  : 0.2697 
cluster  3  : 0.2310 
cluster  4  : 0.2516 

--------------------------------------------
Estimated Ln Prob of Data   = -15793.3
Mean value of ln likelihood = -15380.4
Variance of ln likelihood   = 825.7
Mean value of alpha         = 0.0337

Mean value of Fst_1         = 0.0753
Mean value of Fst_2         = 0.0405
Mean value of Fst_3         = 0.1384
Mean value of Fst_4         = 0.0605


Inferred ancestry of individuals:
        Label (%Miss) Pop:  Inferred clusters
  1     1001    (3)    3 :  0.988 0.006 0.002 0.004 
  2     1002    (5)    3 :  0.913 0.039 0.015 0.033 
  3     1003    (3)    3 :  0.989 0.005 0.002 0.004 
  4     1004    (3)    3 :  0.821 0.078 0.004 0.098 
  5     1005    (7)    3 :  0.973 0.017 0.004 0.007 
  6     1006    (9)    3 :  0.973 0.014 0.003 0.010 
  7     1007    (4)    3 :  0.966 0.015 0.006 0.013 
  8     1008    (6)    3 :  0.979 0.010 0.005 0.006 
  9     1009    (4)    3 :  0.806 0.098 0.015 0.081 
 10     1010    (6)    3 :  0.982 0.004 0.002 0.012 
 11     1011    (5)    3 :  0.993 0.004 0.001 0.002 
 12     1012    (3)    3 :  0.870 0.046 0.031 0.052 
 13     1013    (3)    3 :  0.969 0.014 0.011 0.006 
 14     1014    (5)    3 :  0.988 0.005 0.002 0.005 
 15     1015    (5)    3 :  0.975 0.015 0.007 0.003 
 16     1016    (2)    3 :  0.986 0.005 0.006 0.003 
 17     1017    (4)    3 :  0.197 0.763 0.033 0.008 
 18     1018    (4)    3 :  0.986 0.010 0.001 0.003 
 19     1019    (2)    3 :  0.956 0.017 0.006 0.021 
 20     1020    (3)    3 :  0.989 0.005 0.002 0.004 
 21     1601   (19)    2 :  0.003 0.004 0.985 0.008 
 22     1602    (7)    2 :  0.005 0.007 0.984 0.004 
 23     1603    (5)    2 :  0.002 0.002 0.994 0.002 
 24     1604    (7)    2 :  0.003 0.003 0.992 0.003 
 25     1605    (7)    2 :  0.002 0.002 0.994 0.002 
 26     1606    (9)    2 :  0.002 0.003 0.989 0.006 
 27     1607   (15)    2 :  0.005 0.012 0.970 0.013 
 28     1608   (13)    2 :  0.003 0.005 0.981 0.011 
 29     1609   (10)    2 :  0.005 0.006 0.984 0.005 
 30     1610    (8)    2 :  0.004 0.002 0.991 0.003 
 31     1611   (19)    2 :  0.002 0.001 0.995 0.003 
 32     1612   (10)    2 :  0.038 0.009 0.947 0.007 
 33     1613    (7)    2 :  0.008 0.041 0.938 0.013 
 34     1614   (10)    2 :  0.003 0.004 0.991 0.003 
 35     1615    (7)    2 :  0.002 0.019 0.971 0.008 
 36     1616    (7)    2 :  0.004 0.002 0.990 0.005 
 37     1617    (9)    2 :  0.010 0.014 0.960 0.015 
 38     1618   (23)    2 :  0.003 0.006 0.986 0.005 
 39     1619   (12)    2 :  0.003 0.006 0.976 0.014 
 40     1620   (15)    2 :  0.004 0.003 0.991 0.001 
 41     1621   (11)    2 :  0.002 0.002 0.993 0.003 
 42     1622   (16)    2 :  0.007 0.011 0.972 0.010 
 43     1623   (12)    2 :  0.002 0.004 0.990 0.004 
 44     1624   (15)    2 :  0.002 0.005 0.989 0.003 
 45     1625    (5)    2 :  0.013 0.013 0.967 0.007 
 46     1626    (8)    2 :  0.016 0.015 0.961 0.008 
 47     1627   (18)    2 :  0.015 0.023 0.888 0.074 
 48     1628   (24)    2 :  0.003 0.007 0.987 0.002 
 49     1629   (21)    2 :  0.004 0.002 0.989 0.004 
 50     1630   (33)    2 :  0.015 0.036 0.938 0.011 
 51     1631   (30)    2 :  0.006 0.012 0.971 0.011 
 52     1632   (25)    2 :  0.002 0.002 0.993 0.003 
 53     1633   (20)    2 :  0.002 0.003 0.994 0.002 
 54     1634   (16)    2 :  0.002 0.001 0.992 0.004 
 55     1635   (23)    2 :  0.006 0.005 0.983 0.005 
 56     1636   (20)    2 :  0.006 0.005 0.985 0.004 
 57 1831-13469   (26)    1 :  0.002 0.006 0.004 0.988 
 58 2511-04833   (17)    1 :  0.002 0.004 0.001 0.993 
 59 2600-27318   (12)    1 :  0.009 0.668 0.008 0.315 
 60 2600-27353   (29)    1 :  0.011 0.718 0.011 0.261 
 61 2600-27665   (14)    1 :  0.074 0.091 0.002 0.833 
 62 2600-27679   (33)    1 :  0.005 0.005 0.002 0.988 
 63 2600-27714   (15)    1 :  0.038 0.017 0.016 0.928 
 64 2600-27772   (25)    1 :  0.043 0.014 0.003 0.941 
 65 2600-54720   (25)    1 :  0.004 0.020 0.016 0.959 
 66 2600-54869   (15)    1 :  0.009 0.196 0.004 0.792 
 67 2600-54934   (17)    1 :  0.005 0.628 0.026 0.342 
 68 2600-54936   (24)    1 :  0.009 0.096 0.006 0.889 
 69 2600-54946   (31)    1 :  0.006 0.028 0.004 0.962 
 70 2600-54962   (18)    1 :  0.005 0.018 0.002 0.975 
 71 2600-54972   (19)    1 :  0.009 0.019 0.007 0.965 
 72 2600-54979   (17)    1 :  0.044 0.086 0.013 0.856 
 73 2640-97014   (38)    1 :  0.007 0.014 0.007 0.972 
 74 2640-97015   (11)    1 :  0.008 0.027 0.011 0.953 
 75 2640-97016   (15)    1 :  0.022 0.018 0.003 0.957 
 76 2640-97017   (28)    1 :  0.003 0.079 0.010 0.908 
 77 2640-97129   (20)    1 :  0.003 0.016 0.098 0.883 
 78 2640-97130   (57)    1 :  0.012 0.024 0.005 0.959 
 79 2640-97131   (34)    1 :  0.059 0.210 0.004 0.727 
 80 2640-97134   (37)    1 :  0.022 0.132 0.004 0.842 
 81 2640-97135   (48)    1 :  0.005 0.010 0.006 0.978 
 82 2640-97137   (19)    1 :  0.005 0.013 0.011 0.971 


Estimated Allele Frequencies in each cluster
First column gives estimated ancestral frequencies


Locus 1 : 
2 alleles
7.3% missing data
   0   (0.722) 0.833 0.712 0.677 0.713 
   1   (0.278) 0.167 0.288 0.323 0.287 

Locus 2 : 
2 alleles
12.2% missing data
   1   (0.192) 0.420 0.186 0.040 0.111 
   0   (0.808) 0.580 0.814 0.960 0.889 

Locus 3 : 
2 alleles
11.0% missing data
   0   (0.354) 0.470 0.371 0.196 0.280 
   1   (0.646) 0.530 0.629 0.804 0.720 

Locus 4 : 
2 alleles
36.6% missing data
   0   (0.841) 0.778 0.861 0.944 0.869 
   1   (0.159) 0.222 0.139 0.056 0.131 

Locus 5 : 
2 alleles
52.4% missing data
   0   (0.899) 0.952 0.885 0.922 0.934 
   1   (0.101) 0.048 0.115 0.078 0.066 

Locus 6 : 
2 alleles
15.9% missing data
   0   (0.890) 0.932 0.907 0.976 0.848 
   1   (0.110) 0.068 0.093 0.024 0.152 

Locus 7 : 
2 alleles
47.6% missing data
   0   (0.841) 0.908 0.826 0.762 0.892 
   1   (0.159) 0.092 0.174 0.238 0.108 

Locus 8 : 
2 alleles
52.4% missing data
   0   (0.819) 0.901 0.804 0.680 0.869 
   1   (0.181) 0.099 0.196 0.320 0.131 

Locus 9 : 
2 alleles
4.9% missing data
   0   (0.895) 0.954 0.897 0.889 0.930 
   1   (0.105) 0.046 0.103 0.111 0.070 

Locus 10 : 
2 alleles
1.2% missing data
   1   (0.739) 0.736 0.762 0.758 0.758 
   0   (0.261) 0.264 0.238 0.242 0.242 

Locus 11 : 
2 alleles
0.0% missing data
   0   (0.886) 0.851 0.869 0.914 0.965 
   1   (0.114) 0.149 0.131 0.086 0.035 

Locus 12 : 
2 alleles
7.3% missing data
   0   (0.948) 0.971 0.957 0.971 0.982 
   1   (0.052) 0.029 0.043 0.029 0.018 

Locus 13 : 
2 alleles
18.3% missing data
   1   (0.908) 0.876 0.929 0.958 0.952 
   0   (0.092) 0.124 0.071 0.042 0.048 

Locus 14 : 
2 alleles
6.1% missing data
   0   (0.926) 0.798 0.939 0.994 0.965 
   1   (0.074) 0.202 0.061 0.006 0.035 

Locus 15 : 
2 alleles
6.1% missing data
   0   (0.926) 0.799 0.939 0.994 0.966 
   1   (0.074) 0.201 0.061 0.006 0.034 

Locus 16 : 
2 alleles
8.5% missing data
   0   (0.939) 0.967 0.952 0.901 0.981 
   1   (0.061) 0.033 0.048 0.099 0.019 

Locus 17 : 
2 alleles
7.3% missing data
   1   (0.755) 0.823 0.800 0.638 0.732 
   0   (0.245) 0.177 0.200 0.362 0.268 

Locus 18 : 
2 alleles
43.9% missing data
   0   (0.865) 0.965 0.859 0.960 0.698 
   1   (0.135) 0.035 0.141 0.040 0.302 

Locus 19 : 
2 alleles
36.6% missing data
   0   (0.813) 0.855 0.827 0.920 0.764 
   1   (0.187) 0.145 0.173 0.080 0.236 

Locus 20 : 
2 alleles
0.0% missing data
   0   (0.797) 0.915 0.741 0.711 0.845 
   1   (0.203) 0.085 0.259 0.289 0.155 

Locus 21 : 
2 alleles
0.0% missing data
   1   (0.844) 0.814 0.853 0.913 0.902 
   0   (0.156) 0.186 0.147 0.087 0.098 

Locus 22 : 
2 alleles
4.9% missing data
   1   (0.892) 0.785 0.916 0.939 0.955 
   0   (0.108) 0.215 0.084 0.061 0.045 

Locus 23 : 
2 alleles
17.1% missing data
   0   (0.940) 0.965 0.952 0.951 0.979 
   1   (0.060) 0.035 0.048 0.049 0.021 

Locus 24 : 
2 alleles
26.8% missing data
   0   (0.942) 0.985 0.949 0.994 0.878 
   1   (0.058) 0.015 0.051 0.006 0.122 

Locus 25 : 
2 alleles
32.9% missing data
   0   (0.685) 0.707 0.720 0.822 0.590 
   1   (0.315) 0.293 0.280 0.178 0.410 

Locus 26 : 
2 alleles
3.7% missing data
   0   (0.835) 0.825 0.795 0.949 0.908 
   1   (0.165) 0.175 0.205 0.051 0.092 

Locus 27 : 
2 alleles
0.0% missing data
   0   (0.885) 0.941 0.901 0.877 0.905 
   1   (0.115) 0.059 0.099 0.123 0.095 

Locus 28 : 
2 alleles
26.8% missing data
   0   (0.878) 0.947 0.867 0.771 0.932 
   1   (0.122) 0.053 0.133 0.229 0.068 

Locus 29 : 
2 alleles
14.6% missing data
   1   (0.443) 0.653 0.432 0.287 0.349 
   0   (0.557) 0.347 0.568 0.713 0.651 

Locus 30 : 
2 alleles
31.7% missing data
   0   (0.888) 0.914 0.902 0.987 0.826 
   1   (0.112) 0.086 0.098 0.013 0.174 

Locus 31 : 
2 alleles
13.4% missing data
   0   (0.891) 0.894 0.893 0.990 0.884 
   1   (0.109) 0.106 0.107 0.010 0.116 

Locus 32 : 
2 alleles
0.0% missing data
   0   (0.865) 0.887 0.892 0.873 0.888 
   1   (0.135) 0.113 0.108 0.127 0.112 

Locus 33 : 
2 alleles
18.3% missing data
   0   (0.900) 0.886 0.922 0.812 0.960 
   1   (0.100) 0.114 0.078 0.188 0.040 

Locus 34 : 
2 alleles
20.7% missing data
   1   (0.832) 0.906 0.807 0.958 0.782 
   0   (0.168) 0.094 0.193 0.042 0.218 

Locus 35 : 
2 alleles
15.9% missing data
   0   (0.666) 0.779 0.641 0.777 0.602 
   1   (0.334) 0.221 0.359 0.223 0.398 

Locus 36 : 
2 alleles
12.2% missing data
   0   (0.931) 0.983 0.946 0.884 0.946 
   1   (0.069) 0.017 0.054 0.116 0.054 

Locus 37 : 
2 alleles
3.7% missing data
   0   (0.780) 0.800 0.802 0.663 0.847 
   1   (0.220) 0.200 0.198 0.337 0.153 

Locus 38 : 
2 alleles
18.3% missing data
   0   (0.914) 0.958 0.907 0.962 0.946 
   1   (0.086) 0.042 0.093 0.038 0.054 

Locus 39 : 
2 alleles
18.3% missing data
   0   (0.818) 0.895 0.740 0.971 0.797 
   1   (0.182) 0.105 0.260 0.029 0.203 

Locus 40 : 
2 alleles
13.4% missing data
   0   (0.776) 0.841 0.768 0.753 0.803 
   1   (0.224) 0.159 0.232 0.247 0.197 

Locus 41 : 
2 alleles
43.9% missing data
   1   (0.073) 0.140 0.066 0.011 0.037 
   0   (0.927) 0.860 0.934 0.989 0.963 

Locus 42 : 
2 alleles
3.7% missing data
   0   (0.942) 0.946 0.956 0.970 0.984 
   1   (0.058) 0.054 0.044 0.030 0.016 

Locus 43 : 
2 alleles
7.3% missing data
   0   (0.848) 0.827 0.877 0.729 0.920 
   1   (0.152) 0.173 0.123 0.271 0.080 

Locus 44 : 
2 alleles
7.3% missing data
   0   (0.955) 0.896 0.965 0.996 0.987 
   1   (0.045) 0.104 0.035 0.004 0.013 

Locus 45 : 
2 alleles
40.2% missing data
   0   (0.725) 0.798 0.687 0.856 0.711 
   1   (0.275) 0.202 0.313 0.144 0.289 

Locus 46 : 
2 alleles
11.0% missing data
   0   (0.904) 0.875 0.923 0.992 0.896 
   1   (0.096) 0.125 0.077 0.008 0.104 

Locus 47 : 
2 alleles
0.0% missing data
   0   (0.868) 0.927 0.891 0.861 0.877 
   1   (0.132) 0.073 0.109 0.139 0.123 

Locus 48 : 
2 alleles
42.7% missing data
   0   (0.959) 0.990 0.963 0.994 0.950 
   1   (0.041) 0.010 0.037 0.006 0.050 

Locus 49 : 
2 alleles
39.0% missing data
   0   (0.901) 0.925 0.861 0.987 0.920 
   1   (0.099) 0.075 0.139 0.013 0.080 

Locus 50 : 
2 alleles
4.9% missing data
   1   (0.342) 0.441 0.341 0.138 0.335 
   0   (0.658) 0.559 0.659 0.862 0.665 

Locus 51 : 
2 alleles
14.6% missing data
   0   (0.626) 0.638 0.683 0.626 0.561 
   1   (0.374) 0.362 0.317 0.374 0.439 

Locus 52 : 
2 alleles
29.3% missing data
   1   (0.302) 0.312 0.305 0.397 0.215 
   0   (0.698) 0.688 0.695 0.603 0.785 

Locus 53 : 
2 alleles
1.2% missing data
   1   (0.795) 0.866 0.785 0.908 0.769 
   0   (0.205) 0.134 0.215 0.092 0.231 

Locus 54 : 
2 alleles
11.0% missing data
   0   (0.917) 0.895 0.934 0.982 0.954 
   1   (0.083) 0.105 0.066 0.018 0.046 

Locus 55 : 
2 alleles
13.4% missing data
   0   (0.759) 0.798 0.761 0.632 0.827 
   1   (0.241) 0.202 0.239 0.368 0.173 

Locus 56 : 
2 alleles
11.0% missing data
   0   (0.844) 0.892 0.770 0.987 0.814 
   1   (0.156) 0.108 0.230 0.013 0.186 

Locus 57 : 
2 alleles
17.1% missing data
   0   (0.712) 0.635 0.759 0.626 0.779 
   1   (0.288) 0.365 0.241 0.374 0.221 

Locus 58 : 
2 alleles
20.7% missing data
   0   (0.792) 0.849 0.835 0.699 0.782 
   1   (0.208) 0.151 0.165 0.301 0.218 

Locus 59 : 
2 alleles
28.0% missing data
   0   (0.857) 0.963 0.842 0.206 0.925 
   1   (0.143) 0.037 0.158 0.794 0.075 

Locus 60 : 
2 alleles
36.6% missing data
   0   (0.359) 0.286 0.368 0.374 0.369 
   1   (0.641) 0.714 0.632 0.626 0.631 

Locus 61 : 
2 alleles
7.3% missing data
   0   (0.855) 0.677 0.839 0.976 0.939 
   1   (0.145) 0.323 0.161 0.024 0.061 

Locus 62 : 
2 alleles
2.4% missing data
   0   (0.847) 0.897 0.829 0.927 0.871 
   1   (0.153) 0.103 0.171 0.073 0.129 

Locus 63 : 
2 alleles
30.5% missing data
   0   (0.926) 0.942 0.940 0.908 0.973 
   1   (0.074) 0.058 0.060 0.092 0.027 

Locus 64 : 
2 alleles
1.2% missing data
   0   (0.769) 0.882 0.710 0.798 0.791 
   1   (0.231) 0.118 0.290 0.202 0.209 

Locus 65 : 
2 alleles
23.2% missing data
   0   (0.750) 0.788 0.753 0.854 0.722 
   1   (0.250) 0.212 0.247 0.146 0.278 

Locus 66 : 
1 alleles
6.1% missing data
   0   (1.000) 1.000 1.000 1.000 1.000 

Locus 67 : 
2 alleles
8.5% missing data
   0   (0.914) 0.960 0.933 0.740 0.957 
   1   (0.086) 0.040 0.067 0.260 0.043 

Locus 68 : 
2 alleles
34.1% missing data
   0   (0.935) 0.965 0.943 0.952 0.972 
   1   (0.065) 0.035 0.057 0.048 0.028 

Locus 69 : 
2 alleles
4.9% missing data
   0   (0.072) 0.140 0.055 0.029 0.019 
   1   (0.928) 0.860 0.945 0.971 0.981 

Locus 70 : 
2 alleles
20.7% missing data
   0   (0.853) 0.867 0.829 0.941 0.911 
   1   (0.147) 0.133 0.171 0.059 0.089 

Locus 71 : 
2 alleles
1.2% missing data
   0   (0.933) 0.967 0.906 0.994 0.954 
   1   (0.067) 0.033 0.094 0.006 0.046 

Locus 72 : 
2 alleles
12.2% missing data
   0   (0.889) 0.930 0.911 0.903 0.913 
   1   (0.111) 0.070 0.089 0.097 0.087 

Locus 73 : 
2 alleles
2.4% missing data
   0   (0.888) 0.938 0.881 0.980 0.863 
   1   (0.112) 0.062 0.119 0.020 0.137 

Locus 74 : 
2 alleles
24.4% missing data
   0   (0.953) 0.988 0.963 0.899 0.980 
   1   (0.047) 0.012 0.037 0.101 0.020 

Locus 75 : 
2 alleles
54.9% missing data
   0   (0.840) 0.919 0.828 0.921 0.804 
   1   (0.160) 0.081 0.172 0.079 0.196 

Locus 76 : 
2 alleles
41.5% missing data
   0   (0.842) 0.900 0.861 0.769 0.859 
   1   (0.158) 0.100 0.139 0.231 0.141 

Locus 77 : 
2 alleles
43.9% missing data
   1   (0.813) 0.778 0.797 0.948 0.846 
   0   (0.187) 0.222 0.203 0.052 0.154 

Locus 78 : 
2 alleles
6.1% missing data
   0   (0.616) 0.792 0.560 0.401 0.645 
   1   (0.384) 0.208 0.440 0.599 0.355 

Locus 79 : 
2 alleles
3.7% missing data
   0   (0.884) 0.934 0.889 0.909 0.913 
   1   (0.116) 0.066 0.111 0.091 0.087 

Locus 80 : 
2 alleles
0.0% missing data
   0   (0.800) 0.856 0.808 0.869 0.774 
   1   (0.200) 0.144 0.192 0.131 0.226 

Locus 81 : 
2 alleles
45.1% missing data
   0   (0.409) 0.474 0.423 0.259 0.379 
   1   (0.591) 0.526 0.577 0.741 0.621 

Locus 82 : 
2 alleles
7.3% missing data
   0   (0.885) 0.956 0.899 0.977 0.773 
   1   (0.115) 0.044 0.101 0.023 0.227 

Locus 83 : 
2 alleles
2.4% missing data
   0   (0.565) 0.591 0.576 0.492 0.576 
   1   (0.435) 0.409 0.424 0.508 0.424 

Locus 84 : 
2 alleles
18.3% missing data
   0   (0.842) 0.911 0.816 0.950 0.810 
   1   (0.158) 0.089 0.184 0.050 0.190 

Locus 85 : 
2 alleles
47.6% missing data
   0   (0.814) 0.798 0.829 0.922 0.817 
   1   (0.186) 0.202 0.171 0.078 0.183 

Locus 86 : 
2 alleles
28.0% missing data
   0   (0.832) 0.919 0.838 0.888 0.790 
   1   (0.168) 0.081 0.162 0.112 0.210 

Locus 87 : 
2 alleles
4.9% missing data
   0   (0.853) 0.868 0.879 0.873 0.882 
   1   (0.147) 0.132 0.121 0.127 0.118 

Locus 88 : 
2 alleles
51.2% missing data
   1   (0.307) 0.195 0.292 0.581 0.291 
   0   (0.693) 0.805 0.708 0.419 0.709 

Locus 89 : 
2 alleles
11.0% missing data
   0   (0.925) 0.968 0.941 0.584 0.974 
   1   (0.075) 0.032 0.059 0.416 0.026 

Locus 90 : 
2 alleles
1.2% missing data
   0   (0.894) 0.931 0.909 0.967 0.900 
   1   (0.106) 0.069 0.091 0.033 0.100 

Locus 91 : 
2 alleles
14.6% missing data
   0   (0.923) 0.858 0.938 0.993 0.948 
   1   (0.077) 0.142 0.062 0.007 0.052 

Locus 92 : 
2 alleles
9.8% missing data
   0   (0.905) 0.916 0.921 0.982 0.911 
   1   (0.095) 0.084 0.079 0.018 0.089 

Locus 93 : 
2 alleles
29.3% missing data
   1   (0.757) 0.877 0.746 0.730 0.730 
   0   (0.243) 0.123 0.254 0.270 0.270 

Locus 94 : 
2 alleles
14.6% missing data
   0   (0.555) 0.495 0.552 0.379 0.683 
   1   (0.445) 0.505 0.448 0.621 0.317 

Locus 95 : 
2 alleles
4.9% missing data
   1   (0.746) 0.812 0.733 0.662 0.802 
   0   (0.254) 0.188 0.267 0.338 0.198 

Locus 96 : 
2 alleles
14.6% missing data
   0   (0.395) 0.379 0.409 0.461 0.328 
   1   (0.605) 0.621 0.591 0.539 0.672 

Locus 97 : 
2 alleles
41.5% missing data
   0   (0.788) 0.929 0.752 0.772 0.735 
   1   (0.212) 0.071 0.248 0.228 0.265 

Locus 98 : 
2 alleles
4.9% missing data
   0   (0.786) 0.772 0.816 0.905 0.759 
   1   (0.214) 0.228 0.184 0.095 0.241 

Locus 99 : 
2 alleles
0.0% missing data
   0   (0.838) 0.778 0.868 0.951 0.852 
   1   (0.162) 0.222 0.132 0.049 0.148 

Locus 100 : 
2 alleles
2.4% missing data
   0   (0.486) 0.608 0.480 0.228 0.509 
   1   (0.514) 0.392 0.520 0.772 0.491 

Locus 101 : 
2 alleles
7.3% missing data
   1   (0.560) 0.689 0.567 0.546 0.468 
   0   (0.440) 0.311 0.433 0.454 0.532 

Locus 102 : 
2 alleles
17.1% missing data
   1   (0.629) 0.589 0.662 0.784 0.580 
   0   (0.371) 0.411 0.338 0.216 0.420 

Locus 103 : 
2 alleles
0.0% missing data
   0   (0.951) 0.870 0.963 0.996 0.987 
   1   (0.049) 0.130 0.037 0.004 0.013 

Locus 104 : 
2 alleles
17.1% missing data
   1   (0.772) 0.771 0.819 0.862 0.720 
   0   (0.228) 0.229 0.181 0.138 0.280 

Locus 105 : 
2 alleles
41.5% missing data
   1   (0.272) 0.346 0.237 0.272 0.215 
   0   (0.728) 0.654 0.763 0.728 0.785 

Locus 106 : 
2 alleles
0.0% missing data
   0   (0.845) 0.663 0.857 0.988 0.861 
   1   (0.155) 0.337 0.143 0.012 0.139 

Locus 107 : 
2 alleles
14.6% missing data
   0   (0.702) 0.847 0.644 0.724 0.676 
   1   (0.298) 0.153 0.356 0.276 0.324 

Locus 108 : 
2 alleles
1.2% missing data
   0   (0.828) 0.918 0.865 0.831 0.741 
   1   (0.172) 0.082 0.135 0.169 0.259 

Locus 109 : 
2 alleles
8.5% missing data
   0   (0.904) 0.770 0.924 0.955 0.970 
   1   (0.096) 0.230 0.076 0.045 0.030 

Locus 110 : 
2 alleles
2.4% missing data
   1   (0.649) 0.709 0.643 0.771 0.598 
   0   (0.351) 0.291 0.357 0.229 0.402 

Locus 111 : 
2 alleles
19.5% missing data
   0   (0.736) 0.786 0.755 0.844 0.683 
   1   (0.264) 0.214 0.245 0.156 0.317 

Locus 112 : 
2 alleles
51.2% missing data
   0   (0.905) 0.838 0.911 0.984 0.934 
   1   (0.095) 0.162 0.089 0.016 0.066 

Locus 113 : 
2 alleles
6.1% missing data
   1   (0.710) 0.786 0.696 0.727 0.712 
   0   (0.290) 0.214 0.304 0.273 0.288 

Locus 114 : 
2 alleles
1.2% missing data
   0   (0.846) 0.840 0.874 0.927 0.847 
   1   (0.154) 0.160 0.126 0.073 0.153 

Locus 115 : 
2 alleles
9.8% missing data
   0   (0.720) 0.665 0.751 0.770 0.753 
   1   (0.280) 0.335 0.249 0.230 0.247 

Locus 116 : 
2 alleles
7.3% missing data
   0   (0.844) 0.844 0.848 0.811 0.916 
   1   (0.156) 0.156 0.152 0.189 0.084 

Locus 117 : 
2 alleles
7.3% missing data
   0   (0.824) 0.800 0.842 0.922 0.845 
   1   (0.176) 0.200 0.158 0.078 0.155 

Locus 118 : 
2 alleles
2.4% missing data
   0   (0.901) 0.936 0.924 0.526 0.964 
   1   (0.099) 0.064 0.076 0.474 0.036 

Locus 119 : 
2 alleles
6.1% missing data
   0   (0.827) 0.896 0.865 0.753 0.801 
   1   (0.173) 0.104 0.135 0.247 0.199 

Locus 120 : 
2 alleles
9.8% missing data
   0   (0.841) 0.882 0.849 0.964 0.791 
   1   (0.159) 0.118 0.151 0.036 0.209 

Locus 121 : 
2 alleles
11.0% missing data
   0   (0.914) 0.934 0.914 0.925 0.972 
   1   (0.086) 0.066 0.086 0.075 0.028 

Locus 122 : 
2 alleles
2.4% missing data
   0   (0.802) 0.840 0.781 0.896 0.822 
   1   (0.198) 0.160 0.219 0.104 0.178 

Locus 123 : 
2 alleles
6.1% missing data
   1   (0.893) 0.895 0.914 0.922 0.939 
   0   (0.107) 0.105 0.086 0.078 0.061 

Locus 124 : 
2 alleles
34.1% missing data
   0   (0.540) 0.634 0.532 0.546 0.483 
   1   (0.460) 0.366 0.468 0.454 0.517 

Locus 125 : 
2 alleles
0.0% missing data
   0   (0.917) 0.920 0.886 0.984 0.970 
   1   (0.083) 0.080 0.114 0.016 0.030 

Locus 126 : 
2 alleles
3.7% missing data
   0   (0.889) 0.967 0.883 0.942 0.859 
   1   (0.111) 0.033 0.117 0.058 0.141 

Locus 127 : 
2 alleles
11.0% missing data
   0   (0.586) 0.462 0.599 0.632 0.658 
   1   (0.414) 0.538 0.401 0.368 0.342 

Locus 128 : 
2 alleles
56.1% missing data
   0   (0.607) 0.709 0.591 0.631 0.572 
   1   (0.393) 0.291 0.409 0.369 0.428 

Locus 129 : 
2 alleles
12.2% missing data
   1   (0.337) 0.348 0.357 0.180 0.330 
   0   (0.663) 0.652 0.643 0.820 0.670 

Locus 130 : 
2 alleles
12.2% missing data
   0   (0.811) 0.859 0.815 0.908 0.801 
   1   (0.189) 0.141 0.185 0.092 0.199 

Locus 131 : 
2 alleles
18.3% missing data
   0   (0.941) 0.951 0.940 0.994 0.960 
   1   (0.059) 0.049 0.060 0.006 0.040 

Locus 132 : 
2 alleles
0.0% missing data
   0   (0.797) 0.880 0.825 0.855 0.710 
   1   (0.203) 0.120 0.175 0.145 0.290 

Locus 133 : 
2 alleles
12.2% missing data
   0   (0.640) 0.677 0.615 0.622 0.681 
   1   (0.360) 0.323 0.385 0.378 0.319 

Locus 134 : 
2 alleles
28.0% missing data
   0   (0.798) 0.889 0.828 0.705 0.766 
   1   (0.202) 0.111 0.172 0.295 0.234 

Locus 135 : 
2 alleles
1.2% missing data
   0   (0.813) 0.877 0.853 0.805 0.769 
   1   (0.187) 0.123 0.147 0.195 0.231 

Locus 136 : 
2 alleles
1.2% missing data
   0   (0.853) 0.844 0.864 0.883 0.913 
   1   (0.147) 0.156 0.136 0.117 0.087 

Locus 137 : 
2 alleles
0.0% missing data
   0   (0.382) 0.304 0.348 0.544 0.414 
   1   (0.618) 0.696 0.652 0.456 0.586 

Locus 138 : 
2 alleles
34.1% missing data
   0   (0.818) 0.916 0.825 0.812 0.779 
   1   (0.182) 0.084 0.175 0.188 0.221 

Locus 139 : 
2 alleles
1.2% missing data
   0   (0.956) 0.886 0.968 0.996 0.989 
   1   (0.044) 0.114 0.032 0.004 0.011 

Locus 140 : 
2 alleles
9.8% missing data
   0   (0.873) 0.888 0.897 0.936 0.886 
   1   (0.127) 0.112 0.103 0.064 0.114 

Locus 141 : 
2 alleles
11.0% missing data
   0   (0.790) 0.776 0.806 0.730 0.862 
   1   (0.210) 0.224 0.194 0.270 0.138 

Locus 142 : 
2 alleles
6.1% missing data
   0   (0.268) 0.357 0.224 0.471 0.163 
   1   (0.732) 0.643 0.776 0.529 0.837 

Locus 143 : 
2 alleles
13.4% missing data
   0   (0.819) 0.831 0.788 0.937 0.865 
   1   (0.181) 0.169 0.212 0.063 0.135 

Locus 144 : 
2 alleles
1.2% missing data
   0   (0.844) 0.958 0.850 0.925 0.669 
   1   (0.156) 0.042 0.150 0.075 0.331 

Locus 145 : 
2 alleles
0.0% missing data
   0   (0.883) 0.810 0.886 0.990 0.906 
   1   (0.117) 0.190 0.114 0.010 0.094 

Locus 146 : 
2 alleles
2.4% missing data
   1   (0.628) 0.660 0.662 0.551 0.620 
   0   (0.372) 0.340 0.338 0.449 0.380 

Locus 147 : 
2 alleles
0.0% missing data
   0   (0.760) 0.619 0.785 0.817 0.842 
   1   (0.240) 0.381 0.215 0.183 0.158 

Locus 148 : 
2 alleles
4.9% missing data
   1   (0.157) 0.282 0.148 0.045 0.090 
   0   (0.843) 0.718 0.852 0.955 0.910 

Locus 149 : 
2 alleles
2.4% missing data
   0   (0.404) 0.382 0.399 0.186 0.506 
   1   (0.596) 0.618 0.601 0.814 0.494 

Locus 150 : 
2 alleles
28.0% missing data
   0   (0.834) 0.923 0.864 0.653 0.825 
   1   (0.166) 0.077 0.136 0.347 0.175 

Locus 151 : 
2 alleles
32.9% missing data
   0   (0.434) 0.300 0.440 0.387 0.538 
   1   (0.566) 0.700 0.560 0.613 0.462 

Locus 152 : 
2 alleles
12.2% missing data
   0   (0.828) 0.876 0.797 0.962 0.823 
   1   (0.172) 0.124 0.203 0.038 0.177 

Locus 153 : 
2 alleles
6.1% missing data
   0   (0.915) 0.957 0.910 0.993 0.886 
   1   (0.085) 0.043 0.090 0.007 0.114 

Locus 154 : 
2 alleles
0.0% missing data
   0   (0.939) 0.887 0.951 0.995 0.969 
   1   (0.061) 0.113 0.049 0.005 0.031 

Locus 155 : 
2 alleles
1.2% missing data
   0   (0.758) 0.706 0.773 0.895 0.768 
   1   (0.242) 0.294 0.227 0.105 0.232 

Locus 156 : 
2 alleles
15.9% missing data
   0   (0.936) 0.950 0.947 0.944 0.980 
   1   (0.064) 0.050 0.053 0.056 0.020 

Locus 157 : 
2 alleles
36.6% missing data
   1   (0.859) 0.964 0.880 0.791 0.773 
   0   (0.141) 0.036 0.120 0.209 0.227 

Locus 158 : 
2 alleles
13.4% missing data
   0   (0.767) 0.859 0.747 0.588 0.834 
   1   (0.233) 0.141 0.253 0.412 0.166 

Locus 159 : 
2 alleles
7.3% missing data
   0   (0.889) 0.899 0.883 0.859 0.960 
   1   (0.111) 0.101 0.117 0.141 0.040 

Locus 160 : 
2 alleles
3.7% missing data
   0   (0.857) 0.952 0.867 0.777 0.831 
   1   (0.143) 0.048 0.133 0.223 0.169 

Locus 161 : 
2 alleles
4.9% missing data
   0   (0.829) 0.861 0.836 0.868 0.864 
   1   (0.171) 0.139 0.164 0.132 0.136 

Locus 162 : 
2 alleles
1.2% missing data
   0   (0.059) 0.058 0.046 0.005 0.044 
   1   (0.941) 0.942 0.954 0.995 0.956 

Locus 163 : 
2 alleles
30.5% missing data
   0   (0.217) 0.228 0.186 0.212 0.188 
   1   (0.783) 0.772 0.814 0.788 0.812 

Locus 164 : 
2 alleles
13.4% missing data
   0   (0.956) 0.930 0.967 0.996 0.985 
   1   (0.044) 0.070 0.033 0.004 0.015 

Locus 165 : 
2 alleles
14.6% missing data
   0   (0.873) 0.871 0.894 0.903 0.919 
   1   (0.127) 0.129 0.106 0.097 0.081 

Locus 166 : 
2 alleles
28.0% missing data
   1   (0.689) 0.790 0.717 0.583 0.635 
   0   (0.311) 0.210 0.283 0.417 0.365 

Locus 167 : 
2 alleles
28.0% missing data
   0   (0.895) 0.933 0.892 0.950 0.936 
   1   (0.105) 0.067 0.108 0.050 0.064 

Locus 168 : 
2 alleles
2.4% missing data
   0   (0.864) 0.847 0.890 0.936 0.883 
   1   (0.136) 0.153 0.110 0.064 0.117 

Locus 169 : 
2 alleles
0.0% missing data
   1   (0.593) 0.724 0.578 0.596 0.517 
   0   (0.407) 0.276 0.422 0.404 0.483 

Locus 170 : 
2 alleles
29.3% missing data
   0   (0.812) 0.886 0.835 0.943 0.673 
   1   (0.188) 0.114 0.165 0.057 0.327 

Locus 171 : 
2 alleles
6.1% missing data
   0   (0.913) 0.938 0.930 0.968 0.938 
   1   (0.087) 0.062 0.070 0.032 0.062 

Locus 172 : 
2 alleles
14.6% missing data
   0   (0.901) 0.917 0.925 0.621 0.966 
   1   (0.099) 0.083 0.075 0.379 0.034 

Locus 173 : 
2 alleles
11.0% missing data
   0   (0.796) 0.847 0.799 0.917 0.761 
   1   (0.204) 0.153 0.201 0.083 0.239 

Locus 174 : 
2 alleles
2.4% missing data
   0   (0.835) 0.872 0.858 0.913 0.818 
   1   (0.165) 0.128 0.142 0.087 0.182 

Locus 175 : 
2 alleles
3.7% missing data
   0   (0.893) 0.853 0.910 0.931 0.952 
   1   (0.107) 0.147 0.090 0.069 0.048 

Locus 176 : 
2 alleles
6.1% missing data
   0   (0.769) 0.787 0.756 0.757 0.841 
   1   (0.231) 0.213 0.244 0.243 0.159 

Locus 177 : 
2 alleles
19.5% missing data
   0   (0.613) 0.734 0.583 0.244 0.719 
   1   (0.387) 0.266 0.417 0.756 0.281 

Locus 178 : 
2 alleles
6.1% missing data
   1   (0.862) 0.932 0.881 0.936 0.804 
   0   (0.138) 0.068 0.119 0.064 0.196 

Locus 179 : 
2 alleles
1.2% missing data
   0   (0.782) 0.829 0.799 0.907 0.708 
   1   (0.218) 0.171 0.201 0.093 0.292 

Locus 180 : 
2 alleles
2.4% missing data
   1   (0.909) 0.944 0.900 0.981 0.936 
   0   (0.091) 0.056 0.100 0.019 0.064 

Locus 181 : 
2 alleles
1.2% missing data
   0   (0.514) 0.514 0.509 0.515 0.507 
   1   (0.486) 0.486 0.491 0.485 0.493 

Locus 182 : 
2 alleles
14.6% missing data
   0   (0.633) 0.797 0.614 0.527 0.574 
   1   (0.367) 0.203 0.386 0.473 0.426 

Locus 183 : 
2 alleles
18.3% missing data
   0   (0.587) 0.412 0.651 0.072 0.852 
   1   (0.413) 0.588 0.349 0.928 0.148 

Locus 184 : 
2 alleles
42.7% missing data
   1   (0.124) 0.155 0.134 0.016 0.107 
   0   (0.876) 0.845 0.866 0.984 0.893 

Locus 185 : 
2 alleles
3.7% missing data
   0   (0.929) 0.981 0.942 0.940 0.937 
   1   (0.071) 0.019 0.058 0.060 0.063 

Locus 186 : 
2 alleles
1.2% missing data
   0   (0.940) 0.947 0.953 0.995 0.950 
   1   (0.060) 0.053 0.047 0.005 0.050 

Locus 187 : 
2 alleles
4.9% missing data
   0   (0.919) 0.921 0.917 0.993 0.936 
   1   (0.081) 0.079 0.083 0.007 0.064 

Locus 188 : 
2 alleles
3.7% missing data
   1   (0.882) 0.969 0.883 0.927 0.828 
   0   (0.118) 0.031 0.117 0.073 0.172 

Locus 189 : 
2 alleles
35.4% missing data
   1   (0.682) 0.587 0.691 0.781 0.738 
   0   (0.318) 0.413 0.309 0.219 0.262 

Locus 190 : 
2 alleles
54.9% missing data
   1   (0.211) 0.193 0.226 0.145 0.171 
   0   (0.789) 0.807 0.774 0.855 0.829 

Locus 191 : 
2 alleles
1.2% missing data
   0   (0.901) 0.908 0.877 0.927 0.974 
   1   (0.099) 0.092 0.123 0.073 0.026 

Locus 192 : 
2 alleles
6.1% missing data
   0   (0.844) 0.857 0.868 0.898 0.872 
   1   (0.156) 0.143 0.132 0.102 0.128 

Locus 193 : 
2 alleles
3.7% missing data
   0   (0.933) 0.983 0.949 0.884 0.950 
   1   (0.067) 0.017 0.051 0.116 0.050 

Locus 194 : 
2 alleles
1.2% missing data
   1   (0.832) 0.842 0.815 0.859 0.900 
   0   (0.168) 0.158 0.185 0.141 0.100 

Locus 195 : 
2 alleles
1.2% missing data
   0   (0.945) 0.986 0.936 0.944 0.982 
   1   (0.055) 0.014 0.064 0.056 0.018 

Locus 196 : 
2 alleles
1.2% missing data
   0   (0.896) 0.914 0.875 0.889 0.966 
   1   (0.104) 0.086 0.125 0.111 0.034 

Locus 197 : 
2 alleles
28.0% missing data
   0   (0.758) 0.877 0.778 0.671 0.697 
   1   (0.242) 0.123 0.222 0.329 0.303 

Locus 198 : 
2 alleles
1.2% missing data
   0   (0.872) 0.930 0.875 0.837 0.913 
   1   (0.128) 0.070 0.125 0.163 0.087 

Locus 199 : 
2 alleles
8.5% missing data
   0   (0.895) 0.957 0.914 0.876 0.901 
   1   (0.105) 0.043 0.086 0.124 0.099 

Locus 200 : 
2 alleles
0.0% missing data
   0   (0.860) 0.805 0.889 0.951 0.886 
   1   (0.140) 0.195 0.111 0.049 0.114 

Locus 201 : 
2 alleles
2.4% missing data
   0   (0.767) 0.740 0.769 0.681 0.861 
   1   (0.233) 0.260 0.231 0.319 0.139 

Locus 202 : 
2 alleles
2.4% missing data
   0   (0.953) 0.863 0.964 0.996 0.987 
   1   (0.047) 0.137 0.036 0.004 0.013 

Locus 203 : 
2 alleles
13.4% missing data
   0   (0.903) 0.925 0.923 0.902 0.945 
   1   (0.097) 0.075 0.077 0.098 0.055 

Locus 204 : 
2 alleles
12.2% missing data
   0   (0.926) 0.963 0.943 0.993 0.868 
   1   (0.074) 0.037 0.057 0.007 0.132 

Locus 205 : 
2 alleles
19.5% missing data
   0   (0.871) 0.965 0.840 0.820 0.892 
   1   (0.129) 0.035 0.160 0.180 0.108 

Locus 206 : 
2 alleles
30.5% missing data
   0   (0.936) 0.964 0.951 0.937 0.973 
   1   (0.064) 0.036 0.049 0.063 0.027 

Locus 207 : 
2 alleles
1.2% missing data
   0   (0.955) 0.989 0.966 0.816 0.988 
   1   (0.045) 0.011 0.034 0.184 0.012 

Locus 208 : 
2 alleles
0.0% missing data
   0   (0.902) 0.839 0.900 0.992 0.941 
   1   (0.098) 0.161 0.100 0.008 0.059 

Locus 209 : 
2 alleles
13.4% missing data
   1   (0.617) 0.549 0.649 0.735 0.584 
   0   (0.383) 0.451 0.351 0.265 0.416 

Locus 210 : 
2 alleles
17.1% missing data
   0   (0.929) 0.982 0.942 0.915 0.938 
   1   (0.071) 0.018 0.058 0.085 0.062 

Locus 211 : 
2 alleles
18.3% missing data
   0   (0.859) 0.937 0.865 0.808 0.871 
   1   (0.141) 0.063 0.135 0.192 0.129 

Locus 212 : 
2 alleles
4.9% missing data
   0   (0.858) 0.925 0.857 0.925 0.852 
   1   (0.142) 0.075 0.143 0.075 0.148 

Locus 213 : 
2 alleles
0.0% missing data
   0   (0.920) 0.920 0.912 0.993 0.947 
   1   (0.080) 0.080 0.088 0.007 0.053 

Locus 214 : 
2 alleles
4.9% missing data
   0   (0.959) 0.989 0.969 0.888 0.989 
   1   (0.041) 0.011 0.031 0.112 0.011 

Locus 215 : 
2 alleles
3.7% missing data
   1   (0.783) 0.726 0.781 0.778 0.884 
   0   (0.217) 0.274 0.219 0.222 0.116 

Locus 216 : 
2 alleles
28.0% missing data
   0   (0.824) 0.754 0.804 0.981 0.836 
   1   (0.176) 0.246 0.196 0.019 0.164 

Locus 217 : 
2 alleles
37.8% missing data
   0   (0.956) 0.969 0.964 0.995 0.974 
   1   (0.044) 0.031 0.036 0.005 0.026 

Locus 218 : 
2 alleles
43.9% missing data
   0   (0.916) 0.918 0.931 0.964 0.953 
   1   (0.084) 0.082 0.069 0.036 0.047 

Locus 219 : 
2 alleles
29.3% missing data
   0   (0.493) 0.441 0.508 0.354 0.565 
   1   (0.507) 0.559 0.492 0.646 0.435 

Locus 220 : 
2 alleles
35.4% missing data
   0   (0.556) 0.678 0.539 0.691 0.433 
   1   (0.444) 0.322 0.461 0.309 0.567 

Locus 221 : 
2 alleles
17.1% missing data
   1   (0.550) 0.580 0.576 0.396 0.564 
   0   (0.450) 0.420 0.424 0.604 0.436 

Locus 222 : 
2 alleles
32.9% missing data
   0   (0.819) 0.894 0.810 0.598 0.885 
   1   (0.181) 0.106 0.190 0.402 0.115 

Locus 223 : 
2 alleles
3.7% missing data
   0   (0.894) 0.937 0.911 0.953 0.900 
   1   (0.106) 0.063 0.089 0.047 0.100 

Locus 224 : 
2 alleles
6.1% missing data
   1   (0.881) 0.966 0.881 0.876 0.862 
   0   (0.119) 0.034 0.119 0.124 0.138 

Locus 225 : 
2 alleles
0.0% missing data
   0   (0.882) 0.867 0.885 0.981 0.903 
   1   (0.118) 0.133 0.115 0.019 0.097 

Locus 226 : 
2 alleles
12.2% missing data
   0   (0.884) 0.877 0.908 0.980 0.866 
   1   (0.116) 0.123 0.092 0.020 0.134 

Locus 227 : 
2 alleles
39.0% missing data
   1   (0.524) 0.534 0.518 0.439 0.559 
   0   (0.476) 0.466 0.482 0.561 0.441 

Locus 228 : 
2 alleles
4.9% missing data
   0   (0.941) 0.985 0.954 0.628 0.976 
   1   (0.059) 0.015 0.046 0.372 0.024 

Locus 229 : 
2 alleles
7.3% missing data
   0   (0.943) 0.922 0.937 0.995 0.982 
   1   (0.057) 0.078 0.063 0.005 0.018 

Locus 230 : 
2 alleles
63.4% missing data
   0   (0.836) 0.879 0.860 0.864 0.827 
   1   (0.164) 0.121 0.140 0.136 0.173 

Locus 231 : 
2 alleles
12.2% missing data
   0   (0.539) 0.608 0.552 0.459 0.493 
   1   (0.461) 0.392 0.448 0.541 0.507 

Locus 232 : 
2 alleles
4.9% missing data
   1   (0.583) 0.647 0.548 0.637 0.586 
   0   (0.417) 0.353 0.452 0.363 0.414 

Locus 233 : 
2 alleles
61.0% missing data
   0   (0.810) 0.892 0.807 0.826 0.801 
   1   (0.190) 0.108 0.193 0.174 0.199 

Locus 234 : 
2 alleles
14.6% missing data
   0   (0.524) 0.582 0.490 0.536 0.523 
   1   (0.476) 0.418 0.510 0.464 0.477 

Locus 235 : 
2 alleles
6.1% missing data
   0   (0.910) 0.936 0.932 0.856 0.959 
   1   (0.090) 0.064 0.068 0.144 0.041 

Locus 236 : 
2 alleles
11.0% missing data
   1   (0.711) 0.878 0.670 0.720 0.622 
   0   (0.289) 0.122 0.330 0.280 0.378 

Locus 237 : 
2 alleles
35.4% missing data
   0   (0.947) 0.987 0.956 0.826 0.977 
   1   (0.053) 0.013 0.044 0.174 0.023 

Locus 238 : 
2 alleles
12.2% missing data
   0   (0.209) 0.349 0.166 0.136 0.155 
   1   (0.791) 0.651 0.834 0.864 0.845 

Locus 239 : 
2 alleles
23.2% missing data
   0   (0.881) 0.950 0.886 0.906 0.881 
   1   (0.119) 0.050 0.114 0.094 0.119 

Locus 240 : 
2 alleles
31.7% missing data
   0   (0.777) 0.901 0.783 0.654 0.744 
   1   (0.223) 0.099 0.217 0.346 0.256 

Locus 241 : 
2 alleles
18.3% missing data
   0   (0.878) 0.853 0.898 0.973 0.893 
   1   (0.122) 0.147 0.102 0.027 0.107 

Locus 242 : 
2 alleles
1.2% missing data
   0   (0.816) 0.816 0.842 0.910 0.812 
   1   (0.184) 0.184 0.158 0.090 0.188 

Locus 243 : 
2 alleles
17.1% missing data
   0   (0.478) 0.496 0.448 0.670 0.427 
   1   (0.522) 0.504 0.552 0.330 0.573 

Locus 244 : 
2 alleles
28.0% missing data
   0   (0.899) 0.954 0.896 0.972 0.900 
   1   (0.101) 0.046 0.104 0.028 0.100 

Locus 245 : 
2 alleles
9.8% missing data
   0   (0.900) 0.908 0.918 0.992 0.848 
   1   (0.100) 0.092 0.082 0.008 0.152 

Locus 246 : 
2 alleles
58.5% missing data
   0   (0.911) 0.940 0.901 0.975 0.932 
   1   (0.089) 0.060 0.099 0.025 0.068 

Locus 247 : 
2 alleles
41.5% missing data
   0   (0.774) 0.830 0.769 0.847 0.755 
   1   (0.226) 0.170 0.231 0.153 0.245 

Locus 248 : 
2 alleles
2.4% missing data
   0   (0.939) 0.984 0.946 0.983 0.936 
   1   (0.061) 0.016 0.054 0.017 0.064 

Locus 249 : 
2 alleles
20.7% missing data
   0   (0.908) 0.977 0.903 0.848 0.929 
   1   (0.092) 0.023 0.097 0.152 0.071 

Locus 250 : 
2 alleles
7.3% missing data
   0   (0.772) 0.686 0.798 0.897 0.796 
   1   (0.228) 0.314 0.202 0.103 0.204 

Locus 251 : 
2 alleles
47.6% missing data
   1   (0.278) 0.440 0.294 0.051 0.259 
   0   (0.722) 0.560 0.706 0.949 0.741 

Locus 252 : 
2 alleles
50.0% missing data
   0   (0.754) 0.827 0.766 0.752 0.726 
   1   (0.246) 0.173 0.234 0.248 0.274 

Locus 253 : 
2 alleles
26.8% missing data
   1   (0.121) 0.206 0.113 0.059 0.053 
   0   (0.879) 0.794 0.887 0.941 0.947 

Locus 254 : 
2 alleles
2.4% missing data
   0   (0.745) 0.764 0.777 0.569 0.805 
   1   (0.255) 0.236 0.223 0.431 0.195 

Locus 255 : 
2 alleles
4.9% missing data
   1   (0.594) 0.621 0.576 0.769 0.538 
   0   (0.406) 0.379 0.424 0.231 0.462 

Locus 256 : 
2 alleles
0.0% missing data
   1   (0.876) 0.892 0.877 0.955 0.913 
   0   (0.124) 0.108 0.123 0.045 0.087 

Locus 257 : 
2 alleles
24.4% missing data
   0   (0.947) 0.970 0.956 0.980 0.977 
   1   (0.053) 0.030 0.044 0.020 0.023 

Locus 258 : 
2 alleles
15.9% missing data
   0   (0.880) 0.905 0.853 0.988 0.882 
   1   (0.120) 0.095 0.147 0.012 0.118 

Locus 259 : 
2 alleles
0.0% missing data
   0   (0.924) 0.962 0.920 0.904 0.976 
   1   (0.076) 0.038 0.080 0.096 0.024 

Locus 260 : 
2 alleles
39.0% missing data
   0   (0.744) 0.690 0.746 0.832 0.803 
   1   (0.256) 0.310 0.254 0.168 0.197 

Locus 261 : 
2 alleles
53.7% missing data
   0   (0.917) 0.880 0.924 0.985 0.940 
   1   (0.083) 0.120 0.076 0.015 0.060 

Locus 262 : 
2 alleles
37.8% missing data
   0   (0.883) 0.891 0.901 0.857 0.932 
   1   (0.117) 0.109 0.099 0.143 0.068 

Locus 263 : 
2 alleles
8.5% missing data
   0   (0.687) 0.531 0.723 0.675 0.780 
   1   (0.313) 0.469 0.277 0.325 0.220 

Locus 264 : 
2 alleles
45.1% missing data
   0   (0.297) 0.277 0.319 0.183 0.283 
   1   (0.703) 0.723 0.681 0.817 0.717 

Locus 265 : 
2 alleles
8.5% missing data
   0   (0.875) 0.919 0.878 0.968 0.857 
   1   (0.125) 0.081 0.122 0.032 0.143 

Locus 266 : 
2 alleles
15.9% missing data
   0   (0.904) 0.779 0.921 0.990 0.939 
   1   (0.096) 0.221 0.079 0.010 0.061 

Locus 267 : 
2 alleles
0.0% missing data
   0   (0.383) 0.403 0.405 0.297 0.334 
   1   (0.617) 0.597 0.595 0.703 0.666 

Locus 268 : 
2 alleles
3.7% missing data
   0   (0.581) 0.644 0.587 0.620 0.527 
   1   (0.419) 0.356 0.413 0.380 0.473 

Locus 269 : 
2 alleles
31.7% missing data
   0   (0.477) 0.442 0.502 0.589 0.408 
   1   (0.523) 0.558 0.498 0.411 0.592 

Locus 270 : 
2 alleles
1.2% missing data
   0   (0.634) 0.716 0.602 0.614 0.646 
   1   (0.366) 0.284 0.398 0.386 0.354 

Locus 271 : 
2 alleles
3.7% missing data
   0   (0.883) 0.965 0.907 0.641 0.895 
   1   (0.117) 0.035 0.093 0.359 0.105 

Locus 272 : 
2 alleles
14.6% missing data
   0   (0.910) 0.936 0.920 0.956 0.944 
   1   (0.090) 0.064 0.080 0.044 0.056 

Locus 273 : 
2 alleles
61.0% missing data
   0   (0.913) 0.978 0.923 0.752 0.927 
   1   (0.087) 0.022 0.077 0.248 0.073 

Locus 274 : 
2 alleles
6.1% missing data
   0   (0.929) 0.963 0.946 0.939 0.962 
   1   (0.071) 0.037 0.054 0.061 0.038 

Locus 275 : 
2 alleles
58.5% missing data
   0   (0.845) 0.922 0.856 0.670 0.878 
   1   (0.155) 0.078 0.144 0.330 0.122 

Locus 276 : 
2 alleles
2.4% missing data
   0   (0.820) 0.838 0.807 0.951 0.825 
   1   (0.180) 0.162 0.193 0.049 0.175 

Locus 277 : 
2 alleles
4.9% missing data
   0   (0.908) 0.896 0.924 0.923 0.965 
   1   (0.092) 0.104 0.076 0.077 0.035 

Locus 278 : 
2 alleles
32.9% missing data
   1   (0.738) 0.792 0.714 0.827 0.747 
   0   (0.262) 0.208 0.286 0.173 0.253 

Locus 279 : 
2 alleles
15.9% missing data
   0   (0.897) 0.958 0.890 0.606 0.961 
   1   (0.103) 0.042 0.110 0.394 0.039 

Locus 280 : 
2 alleles
2.4% missing data
   0   (0.904) 0.851 0.919 0.992 0.915 
   1   (0.096) 0.149 0.081 0.008 0.085 

Locus 281 : 
2 alleles
0.0% missing data
   0   (0.799) 0.752 0.772 0.975 0.795 
   1   (0.201) 0.248 0.228 0.025 0.205 

Locus 282 : 
2 alleles
9.8% missing data
   0   (0.776) 0.877 0.776 0.625 0.787 
   1   (0.224) 0.123 0.224 0.375 0.213 

Locus 283 : 
2 alleles
1.2% missing data
   0   (0.862) 0.903 0.881 0.925 0.859 
   1   (0.138) 0.097 0.119 0.075 0.141 

Locus 284 : 
2 alleles
1.2% missing data
   0   (0.861) 0.890 0.889 0.780 0.903 
   1   (0.139) 0.110 0.111 0.220 0.097 

Locus 285 : 
2 alleles
1.2% missing data
   0   (0.717) 0.791 0.730 0.879 0.586 
   1   (0.283) 0.209 0.270 0.121 0.414 

Locus 286 : 
2 alleles
11.0% missing data
   0   (0.917) 0.933 0.938 0.934 0.962 
   1   (0.083) 0.067 0.062 0.066 0.038 

Locus 287 : 
2 alleles
3.7% missing data
   0   (0.883) 0.929 0.897 0.940 0.891 
   1   (0.117) 0.071 0.103 0.060 0.109 

Locus 288 : 
2 alleles
6.1% missing data
   0   (0.108) 0.200 0.112 0.021 0.045 
   1   (0.892) 0.800 0.888 0.979 0.955 

Locus 289 : 
2 alleles
8.5% missing data
   0   (0.745) 0.772 0.723 0.809 0.798 
   1   (0.255) 0.228 0.277 0.191 0.202 

Locus 290 : 
2 alleles
12.2% missing data
   0   (0.360) 0.485 0.327 0.299 0.309 
   1   (0.640) 0.515 0.673 0.701 0.691 

Locus 291 : 
2 alleles
35.4% missing data
   0   (0.782) 0.870 0.795 0.694 0.776 
   1   (0.218) 0.130 0.205 0.306 0.224 

Locus 292 : 
2 alleles
12.2% missing data
   0   (0.868) 0.892 0.891 0.892 0.895 
   1   (0.132) 0.108 0.109 0.108 0.105 

Locus 293 : 
2 alleles
20.7% missing data
   0   (0.838) 0.919 0.864 0.872 0.779 
   1   (0.162) 0.081 0.136 0.128 0.221 

Locus 294 : 
2 alleles
36.6% missing data
   1   (0.438) 0.814 0.422 0.140 0.264 
   0   (0.562) 0.186 0.578 0.860 0.736 

Locus 295 : 
2 alleles
11.0% missing data
   0   (0.810) 0.773 0.848 0.726 0.870 
   1   (0.190) 0.227 0.152 0.274 0.130 

Locus 296 : 
2 alleles
9.8% missing data
   0   (0.928) 0.981 0.925 0.613 0.978 
   1   (0.072) 0.019 0.075 0.387 0.022 

Locus 297 : 
2 alleles
11.0% missing data
   0   (0.867) 0.927 0.837 0.818 0.930 
   1   (0.133) 0.073 0.163 0.182 0.070 

Locus 298 : 
2 alleles
22.0% missing data
   0   (0.750) 0.812 0.688 0.873 0.790 
   1   (0.250) 0.188 0.312 0.127 0.210 

Locus 299 : 
2 alleles
3.7% missing data
   0   (0.211) 0.136 0.213 0.082 0.281 
   1   (0.789) 0.864 0.787 0.918 0.719 

Locus 300 : 
2 alleles
22.0% missing data
   1   (0.367) 0.304 0.440 0.608 0.216 
   0   (0.633) 0.696 0.560 0.392 0.784 

Values of parameters used in structure:
DATAFILE=/Users/Amy 1/Desktop/Population_Genetics/Lab/R/Lab_8/Lab8/project_data,	OUTFILE=/Users/Amy 1/Desktop/Population_Genetics/Lab/R/Lab_8/Lab8/Set_One/Results/Set_One_run_10,	NUMINDS=82,	NUMLOCI=300,	MISSING=-9,	LABEL=1,	POPDATA=1,	POPFLAG=0,	PHENOTYPE=0,	EXTRACOLS=0,	MAXPOPS=4,	BURNIN=5000,	NUMREPS=10000,	USEPOPINFO=0,	INFERALPHA=1,	INFERLAMBDA=0,	POPSPECIFICLAMBDA=0,	POPALPHAS=0,	COMPUTEPROB=1,	NOADMIX=0,	ADMBURNIN=2500,	UPDATEFREQ=1,	PRINTLIKES=0,	INTERMEDSAVE=0,	PRINTKLD=0,	PRINTNET=0,	PRINTLAMBDA=0,	ANCESTDIST=0,	NUMBOXES=1000,	ANCESTPINT=0.90000,	GENSBACK=2,	MIGRPRIOR=0.05000,	PRINTQHAT=0,	PRINTQSUM=0,	ALPHA=1.0000,	FREQSCORR=1,	FPRIORMEAN=0.0100,	FPRIORSD=0.0500,	ONEFST=0,	LAMBDA=1.0000,	UNIFPRIORALPHA=1,	ALPHAMAX=10.0000,	ALPHAPRIORA=1.0000,	ALPHAPRIORB=2.0000,	ALPHAPROPSD=0.0250,	STARTATPOPINFO=0,	RANDOMIZE=1,	LINKAGE=0,	METROFREQ=10,	REPORTHITRATE=0,	MARKOVPHASE=-1,	PHASED=0,	PLOIDY=2,	PHASEINFO=0	LOCPRIOR=0, 	LOCPRIORINIT=1.000000, 	LOCDATA=0, 	LOCISPOP=0, 	LOCPRIORSTEP=0.100000, 	MAXLOCPRIOR=20.000000, 	SEED=1571413024,	
[STRAT parameters]:    NUMSIMSTATS=1000,	PHENOTYPECOL=-9,	POOLFREQ=10,	LOCUSxONLY=0,	EMERROR=0.00100,	MISSINGPHENO=-9,	